# period (s)    DM              RA (J2000, deg) Dec (J2000, deg)
0.6937480	1.20E+01	1.5200000	18.5830560
1.2406990	3.09E+01	3.5739580	47.7759440
0.0057570	2.46E+01	5.9598050	-72.0754150
0.0036770	2.44E+01	5.9770320	-72.0918720
0.0021010	2.46E+01	5.9975310	-72.0663310
0.0043460	2.44E+01	6.0157130	-72.0824760
0.0026240	2.44E+01	6.0160580	-72.0785570
0.0028300	2.44E+01	6.0165750	-72.0784280
0.0026430	2.44E+01	6.0193800	-72.0815990
0.0034800	2.44E+01	6.0208330	-72.0666670
0.0048100	2.41E+01	6.0208330	-72.0666670
0.0023520	2.43E+01	6.0208330	-72.0666670
0.0036430	2.43E+01	6.0250000	-72.0666670
0.0032100	2.44E+01	6.0279220	-72.0685540
0.0034850	2.44E+01	6.0330540	-72.0776860
0.0040400	2.44E+01	6.0331610	-72.0776920
0.0075880	2.44E+01	6.0356170	-72.0774790
0.0030540	2.46E+01	6.0382770	-72.0746890
0.0043430	2.43E+01	6.0409800	-72.0665770
0.0035360	2.42E+01	6.0462650	-72.0889270
0.0053580	2.47E+01	6.0578310	-72.0788450
0.0040330	2.43E+01	6.0687050	-72.0736540
0.3183580	2.30E+02	6.7083330	63.3333330
0.0048650	4.33E+00	7.6142960	4.8610310
0.9429510	1.14E+01	8.5369170	-7.3648330
0.0018770	1.38E+01	8.5909510	-5.5768390
1.1182250	9.26E+01	10.1348440	57.2735870
0.6323360	7.00E+01	11.3570420	-70.7019720
0.9262760	1.05E+02	11.3965000	-73.3175000
1.2170940	3.99E+01	12.1416030	34.2022310
0.3547320	1.39E+01	12.8754170	4.3802780
2.1151710	4.41E+01	13.9390760	51.2902700
0.4720370	1.81E+01	14.1063030	47.9362630
0.7380620	2.70E+01	14.4333330	-72.0219440
8.0203920	0.00E+00	15.1792920	-72.1926670
1.6791640	6.59E+01	15.6373260	65.6203880
0.8075650	2.38E+00	17.0345750	-14.5301400
1.2836600	3.05E+01	17.0943640	66.1427700
1.0711180	6.11E+01	17.1229330	69.0979520
0.6885420	7.60E+01	17.8698750	-71.5296670
0.3258830	1.25E+02	18.2962080	-72.3422780
0.1014390	4.94E+01	19.4110880	59.2439970
0.3481240	2.05E+02	22.8687920	-73.1692610
0.4634740	2.30E+01	23.3852500	-69.9582440
0.1369620	2.18E+01	23.5777880	-29.6213640
0.4147630	2.66E+01	24.3495000	16.9116940
0.2724510	7.38E+01	24.8322670	58.2421470
1.2229490	3.48E+01	25.4164090	60.1589730
8.6883290	0.00E+00	26.5934170	61.7507780
0.1963210	4.01E+01	26.9360820	59.3675600
1.4646650	2.57E+01	27.8445880	-6.5841110
0.8327420	1.19E+01	28.0452230	-16.6313860
2.7466470	2.19E+01	28.0988750	9.8027780
1.8115610	6.00E+01	29.2301920	39.8245920
2.3517450	3.02E+01	29.4580610	62.2071950
0.0656860	1.41E+02	31.4080000	64.8285560
0.6305500	1.29E+01	31.5052830	-40.4678690
1.0773330	2.44E+01	32.9958330	-81.9933890
0.5488800	8.40E+01	33.9859450	62.3092700
0.0023230	6.13E+01	34.5264630	42.5381750
1.4668200	4.66E+01	37.8083220	70.4427450
0.2170000	0.00E+00	42.0000000	60.0000000
0.4477080	1.59E+01	43.9842540	-53.0726000
1.3875840	1.57E+01	46.1379790	19.5476110
3.0320720	2.60E+01	50.8609080	39.7480280
0.8933200	4.21E+01	52.2856250	16.9005560
0.7145200	2.68E+01	53.2473670	54.5787690
0.2692010	4.72E+01	53.8193630	45.9315210
1.9344780	6.73E+01	55.8037850	53.2148410
2.5970270	2.02E+01	55.8664170	-30.0076390
0.1970300	1.04E+02	59.4367310	52.6160280
0.1563820	5.71E+01	59.7238190	54.2204800
0.5452530	2.16E+01	60.4653330	-76.1371670
0.5945740	6.53E+01	61.6251950	61.6447010
0.0257020	3.57E+01	61.9789120	16.1212220
0.3907150	2.75E+01	63.9818890	69.9027470
0.6544000	5.10E+01	64.4291670	35.7500000
2.1613080	4.46E+01	65.3898170	-3.7518360
0.3262790	5.30E+01	68.8916670	27.7333330
0.0057570	2.64E+00	69.3160330	-47.2524510
0.4504480	2.62E+01	72.1731980	-27.8296490
0.4791640	6.58E+01	72.2736250	-70.5254720
0.4380140	3.70E+01	72.5365880	-12.8019720
0.2454540	4.50E+01	72.9583330	-67.3000000
0.5489390	3.99E+01	73.1420750	-17.9898470
0.3407290	1.45E+01	73.5321210	55.7281970
0.3204230	9.49E+01	73.9481250	-69.8595280
0.8001320	1.00E+02	74.0104170	-70.5185000
2.4970120	2.75E+01	74.2824580	-63.6251110
1.1330760	2.10E+01	74.9664220	-2.1685090
0.6385650	4.22E+01	75.5190040	46.9016920
0.6912510	6.89E+01	75.7105420	-66.2996670
0.3220620	2.57E+01	77.9854170	-65.1434720
0.0049910	5.22E+01	78.5278860	-40.0469160
0.2632120	1.19E+02	79.9454870	-69.5398560
0.2416420	3.38E+01	80.1507720	-25.8867480
0.6745320	1.26E+02	80.5960830	-68.7839440
0.3544380	7.93E+01	81.4852010	11.2553000
8.0470000	0.00E+00	81.5037500	-66.0767500
3.7455130	5.09E+01	82.2179500	22.0002780
0.9757250	1.03E+02	82.4621670	-66.8772780
0.6427430	6.93E+01	83.2479580	-66.6603610
0.9630180	8.37E+01	83.3575830	4.0334720
0.0330850	5.68E+01	83.6332210	22.0144610
1.8175650	9.47E+01	83.6507080	-67.0635560
0.2005110	9.37E+01	83.7500000	-69.5833330
1.2458560	1.75E+01	84.1282920	-75.7324170
0.0161220	0.00E+00	84.4473330	-69.1723330
0.1431580	3.96E+01	84.6043850	28.2859180
0.0504990	1.47E+02	85.0465000	-69.3316390
1.2860150	2.94E+01	85.1283330	-71.4253890
0.5420000	1.20E+02	85.1583330	32.0386110
0.2459750	7.77E+01	85.7902500	23.4847220
0.7089540	1.31E+02	85.9696250	-68.8570280
2.8438500	7.38E+01	86.6198330	24.6891670
0.8278380	7.34E+01	88.7577080	-70.9460000
2.2613650	3.00E+01	90.1937500	-57.9483330
0.3959690	8.05E+01	90.4957590	-5.4640440
0.0556980	3.87E+01	92.4953590	21.5007890
0.0038610	6.07E+01	92.5566340	-21.0077820
1.4120900	7.30E+01	92.8166670	30.2666670
0.2979820	2.71E+01	93.2028610	37.3603770
0.0030620	3.88E+01	93.4332300	-2.0131030
0.3349600	9.69E+01	93.5715000	22.5100000
0.0288540	3.66E+01	95.3421300	10.0440950
1.0390760	7.08E+01	96.0834510	-4.4140150
0.4983970	7.80E+01	96.4375000	10.2666670
1.2410000	8.80E+01	97.2041670	9.1663890
0.4766230	8.42E+01	97.2738670	24.2620280
1.2444190	3.45E+01	97.7061580	-28.5786470
0.2877730	1.25E+02	97.8647500	10.6172800
3.2532110	9.07E+01	98.2869170	-20.2519720
0.2370990	0.00E+00	98.4756370	17.7702520
0.0338560	0.00E+00	98.8250000	5.5530560
1.9845970	2.63E+01	99.1406000	-45.8257280
1.2144410	3.33E+01	103.3128750	80.8667280
1.2247540	3.24E+01	104.1258620	-22.4737640
0.1831570	6.75E+01	104.2041250	-54.8208110
0.3848910	1.40E+01	104.9505580	14.2393060
0.1956710	8.77E+00	105.1575080	64.3031110
0.4852680	6.50E+01	107.3855540	-59.3987780
1.2140900	4.50E+01	107.9007500	9.5236110
0.0054910	1.84E+01	107.9758360	-68.5131870
0.9747250	2.54E+02	109.7807500	-25.7500640
8.3911160	0.00E+00	110.1040000	-31.4306110
0.4243110	9.90E+01	111.2516840	-16.5960600
3.4423080	6.94E+01	111.5338330	-26.2105830
0.2516590	9.23E+01	112.3185420	-14.8102220
0.5101600	6.13E+01	112.3847980	-18.6118750
1.7962500	1.94E+02	113.3525000	-23.7656110
0.3203660	9.57E+01	114.4336290	-22.0348110
0.0226990	4.89E+01	114.4635390	-30.6613110
2.7734610	4.89E+01	114.4635390	-30.6613110
0.3749200	1.61E+02	114.6347040	-40.7113720
0.1667620	7.38E+01	115.7044080	-28.3788220
0.2148360	1.22E+02	116.2595830	-53.8561110
2.7910250	1.35E+02	116.7479920	-45.4907360
1.0954520	1.05E+02	117.4569790	-42.7950390
0.0034790	3.03E+01	117.7881540	18.1273900
1.4423490	4.00E+01	118.6695330	32.5322780
0.6822650	6.33E+01	119.6211280	-15.4690940
0.5471990	2.28E+02	122.4328750	-47.8986500
1.2922410	6.12E+00	123.7479170	74.4849170
0.6451610	5.27E+01	123.7865670	9.6640830
2.1612590	1.32E+02	124.6080630	-32.5418140
0.5454460	1.13E+02	125.0643750	-41.2434440
1.2381300	4.09E+01	125.1098620	-13.8487470
1.0735670	1.79E+02	125.2046250	-39.3654720
0.3967280	2.71E+02	125.4359830	-42.3570720
0.8648730	2.37E+01	125.7907000	1.9867810
0.5306610	1.95E+01	126.7140970	26.6232750
1.8489190	5.29E+01	127.0692730	-34.2852910
0.3116740	2.54E+02	127.8851250	-44.1033060
0.1211160	2.41E+02	128.5679170	-41.9975000
0.3846450	2.00E+01	128.7083330	-60.5833330
0.5414040	1.12E+02	128.7628330	-37.1309720
0.0893280	6.80E+01	128.8358810	-45.1763540
1.2737680	1.29E+01	129.2735080	6.1707110
0.7516240	1.47E+02	129.3382570	-41.5873250
0.3085810	1.17E+02	129.5783380	-26.3582080
1.7039460	2.19E+02	129.6283330	-39.7894440
0.7206120	1.57E+02	130.1411670	-53.5431940
0.6443540	1.97E+02	130.5223750	-48.8557780
0.2089560	1.78E+02	130.7911830	-50.3786390
1.3658600	3.66E+01	130.8909170	7.3132780
1.1160970	9.42E+01	131.5252520	-35.5612920
1.6022280	3.47E+01	132.2562820	80.4830900
0.3679530	9.13E+01	132.4274580	-63.3763890
0.5750720	4.73E+02	133.8315420	-46.9729440
0.0646860	2.38E+02	133.9007500	-46.7370560
1.2675360	8.66E+01	133.9100560	-33.5275840
0.9625090	9.50E+01	134.2471250	-61.6314720
0.3267740	1.84E+02	134.4798290	-44.4028670
0.0111100	7.57E+01	135.1831400	-31.7419170
0.4419950	1.99E+02	135.4171670	-46.4134720
0.6603130	7.60E+01	135.6350000	-63.4200000
0.5495530	5.11E+01	136.0450000	-74.9952220
0.9651710	1.46E+02	136.2466670	-42.7705560
0.9882810	1.17E+02	136.3495830	-45.6147220
0.3462870	1.96E+02	136.4663420	-51.4635310
0.2535560	1.04E+02	136.8162500	-51.9664580
0.1067550	1.80E+02	137.1480420	-49.2184720
0.4016260	1.59E+01	137.1590920	-17.6604640
1.3628900	5.43E+01	137.4000000	-72.2023330
1.5679940	1.32E+01	140.3088970	62.9038640
0.4306190	2.73E+01	140.5584250	6.6398060
0.9502890	2.37E+02	140.5623370	-49.8200220
0.7462950	1.53E+02	141.0362080	-53.0456110
0.7395010	5.74E+01	141.1291670	-58.2351110
0.7618860	2.30E+01	141.9041670	23.7833330
4.3921590	1.22E+02	143.0952500	-53.4530560
1.9316270	1.02E+02	143.1631250	-32.2872780
1.4447730	1.00E+02	143.6179170	-52.8242220
0.5704090	1.14E+02	143.7425000	-41.9054170
0.0875450	1.35E+02	145.2425830	-54.4779440
0.6585580	1.58E+02	145.4214460	-52.7345780
0.6643670	1.80E+02	145.5659580	-55.8811940
0.8081270	1.60E+02	145.7269250	-56.9620670
0.5329130	2.51E+01	145.8541670	22.9333330
1.0874180	2.03E+01	145.8754170	16.5269440
0.5702640	1.25E+01	146.1206500	-13.9115640
0.3315860	9.81E+01	146.4093920	-48.5540280
1.0977060	1.54E+01	146.5316670	9.8652780
0.8510500	2.90E+01	146.8416670	27.7000000
1.3738150	1.67E+02	148.0716670	-38.6528330
0.2530650	2.96E+00	148.2887900	7.9265970
0.4728340	2.00E+02	148.5251670	-54.5148610
0.8621180	1.57E+02	148.8729170	-53.0713060
0.2035570	2.26E+02	149.4833750	-54.5344170
0.6700860	9.27E+01	149.8594170	-48.1631940
0.2556770	7.28E+01	150.1172540	-51.8328110
1.6611770	1.59E+02	150.2858330	-55.9833890
7.7336400	1.13E+02	150.3842920	-59.6549440
1.4365830	1.30E+02	150.4082500	-55.1185280
0.7775010	4.26E+02	150.7412500	-55.9936110
0.3070720	9.81E+01	150.8399170	-47.7838890
0.8357970	1.96E+02	151.6525000	-63.1947780
0.0052560	9.02E+00	153.1393070	53.1173860
2.5179450	2.25E+01	153.1405270	-23.6395610
0.8199110	3.84E+02	153.2020830	-58.9611110
2.1335910	2.94E+02	153.2287500	-58.5071110
0.4429010	3.80E+02	153.3827250	-59.5740830
0.1398820	2.79E+02	153.9081670	-57.3202220
0.0878340	2.52E+02	154.0504170	-58.3169860
0.1073860	3.94E+02	154.0881670	-58.9533610
0.7695840	6.68E+01	154.1300000	-53.7538330
0.5034590	4.39E+02	154.3035830	-56.3585280
1.8046950	4.88E+01	154.6681900	-16.7028160
0.1624990	1.04E+03	154.9672500	-57.8183060
0.1404800	4.45E+02	155.0475000	-60.4352220
1.2383050	8.00E+01	155.0584580	-59.3594440
0.6700260	2.12E+02	155.3534170	-56.0308060
1.6437260	7.14E+02	155.6170830	-58.2250000
0.0164530	1.03E+01	155.7416600	10.0312550
0.0051620	6.49E+00	156.1612020	-7.3219920
0.3064110	5.07E+02	157.7593330	-61.2973890
0.4642080	4.18E+02	158.0291670	-59.1666670
2.4076220	1.39E+02	158.1153750	-52.1023610
1.1505900	5.08E+01	158.5812960	-32.4072170
0.5795770	1.90E+02	158.7628330	-63.7551140
0.5103680	1.37E+02	159.0544710	-49.4393810
0.6619920	7.27E+01	159.5820830	-58.5242170
0.0288520	2.66E+01	159.6122210	0.5454440
1.3863680	3.38E+01	160.4008170	-19.7037810
1.1708590	3.07E+02	160.5025420	-55.3515280
0.2886020	4.49E+02	160.9803750	-61.2807780
0.0074740	5.82E+01	161.4591230	-45.1650400
0.3694270	2.40E+02	161.5786250	-58.2310560
0.3262710	2.53E+01	161.6801250	3.0685830
0.3303280	5.25E+01	161.7533900	-30.5383340
0.1984510	1.16E+02	161.8678420	-67.1641850
0.1236710	1.29E+02	162.0508330	-58.5349440
2.2023250	4.47E+02	162.4597500	-58.5623890
6.4520770	0.00E+00	162.5296670	-59.8892780
0.1805920	4.91E+02	163.1587920	-59.9122500
0.3838300	1.68E+02	163.2224580	-63.8046110
1.8400040	2.34E+02	163.5368330	-64.8770830
0.3469090	3.31E+02	163.7406250	-59.7205830
2.9193970	1.43E+02	163.9362920	-69.0865000
0.9475580	5.90E+02	163.9520830	-60.3811110
0.4486350	1.50E+02	163.9775420	-62.6134170
0.4224470	3.20E+02	164.1064580	-62.9798890
0.6760820	4.37E+02	164.1824580	-57.1595830
1.3474020	5.10E+01	164.3641670	-79.2400560
0.6283000	6.00E+01	164.4375000	-47.9500000
0.1971080	3.01E+01	164.4951670	-52.4489720
0.6162700	3.34E+02	164.6427080	-59.9601110
1.1849990	1.09E+02	164.7537500	-57.7039440
0.3965870	2.76E+02	165.8811670	-60.4267750
0.2809050	7.85E+01	166.0719250	-61.0510780
0.0631930	2.71E+02	166.3590420	-61.1309440
2.7179340	2.03E+02	166.6185000	-64.6500000
1.7993960	4.06E+02	166.8012500	-61.7330560
0.2527730	4.02E+01	166.8935830	-59.1218610
1.5165310	1.58E+02	166.9945830	-59.7844440
0.5582530	2.63E+02	167.5016670	-56.6258060
0.0649620	5.99E+02	168.0617080	-61.0586390
0.3342130	2.49E+02	168.1605420	-66.2180000
0.8204840	1.48E+02	168.2125000	-69.4419440
0.8808200	6.77E+02	168.5938330	-61.0095000
1.6564400	9.20E+00	168.9100000	50.5034140
0.2597770	2.28E+02	168.9736670	-60.8716110
0.9431580	4.05E+01	169.1795250	-41.3788780
0.5050970	4.94E+02	169.3492080	-61.9061110
1.1552720	3.03E+02	169.4375000	-64.7994440
0.4077460	7.07E+02	169.8095830	-61.4637500
2.2805970	2.74E+01	169.9200000	-79.6084170
0.5357830	2.05E+02	170.3299540	-54.7348610
0.2448380	9.29E+01	170.8152130	-48.7396530
0.6402340	4.39E+02	170.9237500	-61.0350560
0.2329760	1.11E+02	170.9675420	-66.8636310
0.2714340	2.23E+02	170.9814540	-62.9863170
0.1353140	3.30E+02	171.1629170	-59.2722220
0.1855600	2.90E+02	171.2352920	-56.6443610
0.4790990	2.98E+02	171.2479170	-64.3547220
0.0026300	5.30E+01	171.4800750	-60.2351690
0.5794160	5.53E+01	171.5902920	-69.7042500
0.2027370	2.80E+02	171.7192000	-60.9111000
0.5159840	6.75E+02	172.1945830	-62.3191670
0.6809840	2.64E+02	172.5435000	-59.4261390
0.1623230	2.61E+02	172.5680420	-58.4339720
0.2563530	1.49E+02	172.6329710	-68.1245890
0.1751660	3.06E+02	173.0655830	-56.4580280
1.0228750	5.68E+02	173.4643750	-62.8473890
0.3647060	8.55E+01	174.0090420	-55.4189720
1.1879130	4.86E+00	174.0135320	15.8512440
0.5562160	2.28E+02	174.3837040	-67.0091690
0.1175640	5.20E+02	174.5900830	-62.1331390
0.3938980	1.16E+02	175.2792580	-65.7553020
0.5384320	3.08E+01	175.3567870	-31.1312780
0.2914680	4.65E+01	175.4281730	-33.3770590
0.5583830	3.44E+02	175.7187500	-62.5010830
0.6756460	1.59E+02	175.8127710	-51.9777470
0.8506650	2.85E+02	176.0087920	-62.2917500
0.9877830	7.87E+01	176.1450000	-61.7802780
0.2733720	1.12E+02	176.5322500	-60.5165000
3.5599370	1.74E+02	177.1188750	-57.4201670
3.2410290	2.41E+02	177.1575000	-64.2591670
1.7898290	1.91E+02	178.0416670	-58.0094440
0.3765700	7.40E+01	178.2241670	-60.2058330
0.2820120	7.40E+01	178.5837500	-62.8340830
0.2884090	2.44E+02	179.0310420	-57.1171940
1.0379310	2.19E+02	179.0895830	-59.1534170
0.0435890	3.97E+01	179.2840250	-51.2155940
0.4005220	3.25E+02	179.3135000	-62.4141310
0.6674860	1.78E+02	179.8404170	-64.1658330
0.5250740	5.92E+01	179.8987920	-79.1682220
0.5921360	6.83E+02	180.3458750	-63.1165280
0.4528010	1.45E+02	180.6183460	-58.3426110
0.3088610	1.34E+02	181.1530000	-68.7214420
0.4241310	0.00E+00	182.5037920	-52.4412220
0.2797670	1.74E+02	182.5249500	-55.9844220
4.2370100	3.70E+01	182.6750000	-65.8346110
0.4330840	3.34E+02	182.8507500	-63.4125560
0.9098230	1.41E+02	183.5350830	-58.5071940
0.6364140	1.63E+02	183.7525830	-53.4754440
0.0035390	4.74E+01	184.0305820	-64.1692290
0.3740470	7.87E+02	184.1745420	-62.3993890
0.7892120	3.47E+02	185.0744170	-63.3129170
1.0811640	7.40E+01	185.7179170	-57.6388890
0.2164760	9.75E+01	186.0924380	-64.1316420
0.5857610	4.54E+02	186.1843750	-62.1447500
0.6263240	1.76E+02	186.3692920	-60.5937780
0.4196180	4.15E+02	186.4283330	-64.1452780
1.0184530	1.26E+02	186.4326130	-55.9453170
1.3512360	3.01E+02	187.8041670	-63.0550000
1.8732000	3.10E+01	187.9166670	-47.7666670
0.8772390	7.60E+01	187.9406670	-46.1625560
0.0882820	2.39E+02	188.0743330	-65.0175920
0.5647590	4.14E+02	188.3812500	-63.2080560
0.7568920	4.95E+02	188.4162500	-63.7486110
0.6382340	1.00E+02	188.8291670	-55.2666670
0.2567780	4.40E+02	188.9905000	-63.9084440
0.2947600	1.05E+02	189.2464580	-50.5600830
2.1109740	1.79E+02	189.3579170	-67.4260830
1.1185910	1.75E+01	189.5965690	21.8697430
1.3824490	9.24E+00	189.9185890	24.8970250
1.3019080	9.43E+01	189.9958330	-68.5410280
0.5122420	4.41E+01	190.0733750	-41.4143610
0.3884810	2.97E+02	190.8214920	-64.3899580
0.4712250	2.71E+02	190.8974170	-57.5952220
0.2752070	1.10E+02	191.0478330	-50.8890560
2.2830930	3.36E+02	191.3380000	-62.6488610
0.4738300	1.79E+01	191.6583330	22.8833330
0.1983350	4.33E+02	192.1931670	-63.7360000
0.4344450	2.15E+02	192.4763330	-65.1221670
0.8233390	2.78E+02	193.1775830	-63.2424170
0.2554960	1.01E+02	193.3680920	-58.3446920
0.1845020	9.50E+01	193.6353330	-61.8474440
0.6579740	2.07E+02	193.9785830	-61.5194720
0.6173080	2.96E+01	194.2698730	-10.4516020
0.6633290	9.47E+01	194.8445830	-67.6944440
0.0062190	1.02E+01	195.0149030	12.6823530
0.6638300	8.61E+01	195.3679170	-63.1779170
0.1845280	3.74E+02	195.4406670	-63.0927500
0.3257240	8.75E+02	195.5166670	-63.7480560
0.9678460	5.00E+02	195.5800000	-63.2247220
0.0477630	1.47E+02	195.6985420	-63.8357500
2.3066420	3.43E+02	195.7500830	-63.0835560
0.4277620	4.70E+02	196.3370830	-62.0560000
0.5716470	5.05E+02	196.3487500	-64.9239720
0.4782310	9.67E+02	196.3666670	-62.9441670
0.4730260	4.37E+02	196.6591250	-66.2893890
0.9819020	4.80E+02	196.6858330	-62.7008330
4.9624270	3.74E+02	196.9779170	-63.3097220
0.4647000	2.06E+02	197.0878330	-58.7371670
10.3125220	0.00E+00	197.2011250	21.4518830
0.3982920	3.40E+02	197.2512080	-65.4379440
0.6194540	5.74E+02	197.3191670	-64.2663890
0.4475180	3.62E+01	197.9693750	-12.4671170
0.7281540	1.33E+02	198.0191670	-54.0450000
2.4374320	9.30E+01	198.0298330	-64.0154440
0.8492360	1.34E+02	198.2242920	-55.2797500
0.0331630	2.40E+01	198.2291670	18.1666670
0.8489330	1.20E+01	198.3458330	9.5322220
2.9483900	3.09E+02	198.5975000	-61.0211110
0.3428250	9.83E+02	199.1929170	-62.5367220
0.2612710	6.78E+02	199.4362080	-63.0478330
2.6421980	1.45E+02	199.4429580	-57.9917220
1.0588330	6.60E+01	199.6857870	-46.8415830
0.2843510	4.01E+02	199.8345420	-60.9462970
0.4211180	4.42E+02	199.8596670	-61.0906110
0.4584880	1.64E+01	200.0528330	-35.2072220
0.2797290	9.76E+01	200.2246750	-53.9851060
0.6700370	1.33E+01	200.4424170	83.3941440
2.7642090	6.59E+02	200.5750000	-63.4936110
0.5060580	6.19E+02	200.6339580	-62.6981940
2.4838040	4.97E+02	201.0568750	-63.0391940
0.8441090	8.28E+02	201.1829170	-61.7666670
0.5430090	2.10E+02	201.5133330	-67.0141670
0.7926700	5.03E+02	201.6358330	-64.1455560
0.4779910	2.87E+02	201.7427920	-58.9914170
0.1964790	2.95E+02	201.7811250	-63.0209420
0.2806780	6.81E+02	201.7927920	-64.0036390
0.5299130	3.19E+02	201.8225000	-62.3790560
0.5326990	4.20E+01	202.0268000	-43.9622560
1.4787210	1.18E+02	202.1399170	-49.3592780
1.5652180	5.14E+02	202.2637500	-61.9830560
0.6504340	1.51E+01	203.2186860	-30.5381370
0.3456030	4.43E+01	203.4367870	-44.8239500
0.1077180	1.19E+02	203.6254550	-58.6545960
0.3991920	4.17E+01	203.9000000	-36.7000000
0.2079530	7.78E+02	204.3347920	-63.1064720
1.2389900	6.40E+02	204.5389580	-62.0718610
0.1370550	3.99E+01	204.9857860	-47.2015330
0.5581790	2.41E+02	204.9858330	-66.3021670
0.3786220	7.70E+01	205.0013330	-64.9452500
0.6272850	3.65E+02	205.2807080	-60.3929720
0.1933400	7.17E+02	205.4276250	-62.3390830
0.0054430	2.64E+01	205.5425000	28.3766670
0.0025450	2.65E+01	205.5458330	28.3755560
0.0021660	2.65E+01	205.5458330	28.3755560
0.0023890	2.62E+01	205.5461960	28.3778170
0.5401020	4.35E+02	206.1650000	-60.9919440
1.2530850	2.78E+02	206.4351250	-61.2585000
0.6099620	2.93E+02	206.8307500	-59.7943890
0.9277720	5.97E+02	207.1766670	-63.1177780
0.2593630	2.85E+02	207.4027080	-61.5047500
0.2956990	9.04E+01	207.5671580	-51.2568810
0.6289030	2.15E+02	208.1435420	-68.0603060
2.9519380	2.54E+02	208.6458330	-62.8250000
0.2766030	5.47E+02	208.8389170	-62.1055830
2.0386740	2.29E+02	208.9039580	-57.7875000
0.6443010	1.12E+02	208.9945000	-51.8982780
1.2133810	3.55E+02	208.9962920	-59.4169170
0.5073800	1.74E+02	209.2106580	-55.3536000
0.1661080	1.29E+02	209.2601250	-64.4917220
0.4557610	4.17E+02	209.3541670	-62.4666670
0.9129710	3.13E+01	209.6750000	-25.5500000
0.1275010	2.94E+02	209.9925830	-60.6355560
0.8427900	9.80E+01	210.4686670	-63.9626500
1.3801770	3.90E+01	210.7375000	-51.4000000
0.6530990	1.01E+02	210.7670830	-76.7826390
0.3991700	3.05E+02	210.8083330	-63.1741670
0.6175750	2.73E+02	211.3017080	-56.6900560
0.2883490	2.29E+02	211.5050000	-58.1088890
0.2130750	5.42E+02	211.7085000	-61.3577500
0.7016150	6.45E+02	211.9854170	-61.8997220
0.4923440	5.75E+02	211.9943330	-60.8163330
0.2787290	5.42E+01	212.5307080	-74.0814780
0.3152250	5.15E+02	213.0320420	-61.7580000
0.5291560	3.12E+02	213.2484170	-61.1918060
0.2924080	8.08E+02	213.2727920	-62.3743890
0.2856250	6.77E+02	213.2911250	-61.6869440
0.3949460	1.22E+02	213.3804830	-63.1265140
4.6301880	1.54E+02	213.6070830	-68.0494440
0.3924790	2.60E+02	213.8802920	-66.3533890
0.2955800	2.89E+02	214.1274580	-60.6331940
1.6725960	3.69E+02	214.6345830	-59.7500000
1.0968060	6.05E+01	214.7095130	-39.3551420
0.0341170	6.46E+01	215.0127580	-56.4319440
0.0681800	3.60E+02	215.0343210	-60.8045640
0.9357720	1.30E+02	215.1212500	-54.2730560
0.7703750	1.99E+02	216.0531670	-55.9371940
0.3334150	1.23E+02	216.0625000	-69.9333330
0.3667340	3.24E+02	216.1337920	-58.3822220
1.0235040	2.48E+02	216.2466670	-64.6361110
0.5017300	4.30E+02	216.2820830	-62.1680280
0.3532630	4.34E+01	216.4023330	-57.3918890
0.7078680	3.25E+02	216.4962920	-57.9861670
0.5864860	7.10E+01	216.9615420	-41.9823060
0.5702900	8.24E+01	217.1095710	-55.5139440
0.7639150	4.57E+02	217.3579170	-59.5996940
0.7854410	6.53E+01	217.6703000	-66.3847330
0.3063680	3.32E+02	218.5220830	-60.1080560
0.9633480	2.82E+02	218.6629170	-60.4969440
0.4729950	4.43E+01	218.7515000	-59.9136670
0.0093480	1.14E+02	218.8344850	-61.0160990
0.4676160	2.01E+02	219.3137920	-61.7672220
0.0286350	1.46E+01	219.9155920	-55.0232280
0.4596050	1.24E+02	220.1304460	-63.7465560
1.1758400	1.66E+02	220.4345830	-61.6233330
4.7585650	3.69E+02	220.7500000	-60.5333330
2.7602280	1.77E+02	221.1937500	-59.6886110
0.4633300	2.17E+02	222.3559580	-58.7778890
0.1549910	3.50E+02	223.2162420	-60.6087080
0.3866250	2.62E+02	223.2190830	-58.8536940
0.1794850	7.11E+01	223.3864040	-64.2209970
0.0057920	1.41E+01	223.4404900	19.0367290
0.0452490	1.16E+02	223.5454500	-58.7763170
0.0079870	1.36E+01	223.9498430	-33.5128780
0.2633770	8.60E+00	224.0006580	-68.7275690
0.3907390	4.77E+02	224.3829170	-59.0344440
1.4986370	1.75E+02	224.4125000	-59.0141670
1.7483010	3.70E+01	224.4174580	-51.3813890
0.7829490	2.58E+02	225.4625000	-56.6300000
0.8421040	2.57E+02	225.6243330	-61.4806390
0.6681050	5.84E+02	225.6825000	-58.4783330
0.5355040	1.94E+02	225.7391210	-56.8942250
3.3140020	1.18E+01	225.9775000	21.1859170
0.4129850	1.43E+02	226.2047500	-56.3588890
0.8407390	6.10E+01	226.6645830	-51.9694440
0.2867570	4.87E+01	226.8924170	-43.8675560
0.3556550	1.30E+02	226.9527500	-66.6825280
0.3390380	4.24E+02	227.2812500	-60.2551670
0.7396820	1.96E+01	227.3567550	55.5256480
0.0889220	1.38E+02	227.3630420	-58.8489170
0.9438710	8.40E+01	227.7037500	-44.3686110
0.3015110	3.32E+02	227.7791670	-58.5911110
0.2003840	8.48E+01	227.9637830	-54.2445280
2.0405320	2.19E+02	228.0237500	-54.5219440
0.1286940	6.29E+02	228.1792750	-57.9999440
0.1506580	2.53E+02	228.4817500	-59.1358330
0.9734580	4.70E+02	228.4957920	-57.6503890
0.4548390	5.15E+01	228.5606670	-48.5720830
0.1487960	1.94E+02	228.7462500	-59.4286940
0.2866460	4.82E+02	228.7887500	-57.3469440
0.6508370	8.78E+01	229.3639170	-43.9383060
0.0409350	1.16E+01	229.5699900	49.0761840
0.0079470	2.95E+01	229.6310750	2.0876310
0.0055540	3.01E+01	229.6388230	2.0909860
0.0024840	2.93E+01	229.6416670	2.0827780
0.0029880	2.93E+01	229.6416670	2.0827780
0.0031820	2.93E+01	229.6416670	2.0827780
1.2540520	2.50E+02	229.7898330	-63.1387500
2.1543070	2.21E+02	229.8992080	-61.1151670
0.5187580	6.64E+02	229.9482920	-57.5704440
1.3896050	7.90E+01	230.5279170	-55.4215280
0.3953530	2.00E+02	230.6761250	-58.4840830
1.1160490	8.33E+02	231.0892920	-57.1097220
0.0782190	1.53E+02	231.2077500	-56.4231670
1.0116940	2.35E+02	231.3681250	-54.2888890
0.2803490	3.38E+02	231.4227080	-56.0869440
0.3018880	3.29E+02	231.6716670	-56.5619440
1.0487050	3.63E+02	231.9204170	-55.8686110
2.4175820	4.90E+01	231.9955420	-39.5263890
0.5265560	8.95E+01	232.0334710	-41.1580000
0.0608220	1.82E+01	232.1456430	-31.7685660
0.8222490	1.49E+02	232.3991670	-56.1913890
0.8912650	2.92E+02	232.4900000	-53.9266670
0.2789570	4.96E+01	232.6119580	-53.4656390
0.3568490	1.07E+02	232.7835420	-40.2085830
0.0842020	1.11E+02	232.8662920	-56.1819440
1.1248360	1.47E+01	233.0431850	27.7637210
0.4438250	1.81E+02	233.1479170	-53.1350000
1.3688810	2.48E+01	233.5348750	-53.5720280
0.2896890	1.91E+02	233.6399580	-54.0943610
0.3071780	1.07E+02	233.8198330	-58.8076940
0.4328660	6.63E+01	233.8211250	-41.2341940
0.5667340	2.20E+02	233.9927500	-54.8405560
0.8814380	1.48E+02	234.0200830	-54.5541670
0.4684200	1.10E+02	234.0625000	-44.2666670
1.3197590	9.60E+01	234.0724250	-36.0496670
0.0379040	1.16E+01	234.2915010	11.9320980
1.5281240	9.30E+01	234.3155420	-51.8850000
0.3013130	6.50E+01	234.3750000	-49.1500000
0.4304640	7.07E+02	234.4625000	-56.7511110
0.8439800	5.46E+02	234.5237500	-56.6366670
0.5065680	9.10E+01	234.5350420	-57.8380830
0.3412130	1.53E+02	234.5757500	-57.5414720
0.1046750	6.03E+02	234.6876250	-55.8602500
0.2767260	1.37E+02	234.7039580	-54.6380560
1.0049580	3.80E+02	234.7832080	-55.3531110
0.2433920	1.76E+02	234.8081670	-56.4403890
1.6308000	1.60E+02	235.0833330	-63.4000000
0.6129160	3.05E+02	235.2459170	-57.6158330
0.2958380	4.28E+02	235.4566670	-55.5836110
1.7838650	1.86E+02	235.5830420	-51.5597220
0.5992450	9.10E+01	235.6894630	-50.5670560
1.2075680	2.66E+02	235.7271250	-53.0613890
0.7090640	1.84E+01	235.8756580	-6.3459030
0.7484480	3.52E+01	235.9117290	9.4879170
0.3771190	3.46E+02	235.9843750	-54.9871390
0.6442550	2.11E+02	235.9927080	-50.2327780
0.1785540	3.52E+01	236.2493500	-53.1462500
0.5808400	2.87E+02	236.5308330	-53.0397220
0.6471980	1.48E+02	236.8775000	-57.8415000
0.2421900	2.22E+02	236.8957920	-58.6527220
0.6027380	1.41E+02	237.0811250	-49.4612220
0.1456550	1.26E+02	237.0969170	-48.3638060
0.1709340	3.16E+02	237.1834580	-56.1260830
0.2883470	5.60E+01	237.3381420	-48.8104000
1.2624710	2.48E+01	237.4205880	21.2241390
0.4977720	1.02E+02	237.4495830	-57.3672220
0.7496590	3.38E+02	237.5122920	-52.7019440
1.4211240	6.00E+02	237.5200000	-53.2891670
2.0698330	8.30E+02	237.7254580	-54.3065830
0.4533940	4.93E+02	237.9218750	-53.1832220
1.0813280	2.10E+02	238.4983330	-54.9350000
3.4180390	4.50E+02	238.6687500	-55.2091670
0.5181100	7.31E+01	238.8248000	-31.5722500
0.5325780	5.19E+01	238.8882680	-23.6860750
0.9946810	4.36E+02	239.2145830	-53.9819440
0.3291870	1.45E+02	239.2510750	-42.9701830
1.1223420	1.28E+02	239.6272080	-57.9405830
0.5945750	6.57E+02	239.6727080	-54.3238890
0.9572420	2.13E+02	239.8387500	-55.7611110
0.2570560	5.61E+01	239.9230620	-44.6461420
0.1944540	1.77E+02	240.0830420	-57.8540830
1.2476660	1.77E+02	240.1458330	-59.2830560
0.0035980	5.23E+01	240.2162670	-30.8970330
0.1926010	2.61E+02	240.2209620	-50.7391560
2.5593570	2.73E+02	240.3637500	-52.7358330
0.2884570	1.95E+02	240.4787920	-53.5953330
0.8199900	3.19E+02	240.5758330	-49.9588890
0.8642270	1.71E+02	240.5783330	-51.0005560
0.2830700	5.38E+01	240.7703890	-25.5298190
0.7783130	4.62E+01	240.7835970	-27.2243370
0.4960770	2.64E+02	240.8810830	-56.9622750
0.0148420	3.81E+01	240.8986660	-72.0424160
0.1419090	7.75E+01	240.9737370	-35.6658610
0.3274180	1.41E+02	241.0958290	-49.1662060
0.3414030	5.44E+01	241.1215710	-72.0584610
0.5274660	5.20E+01	241.1225420	-47.3133060
0.6580130	3.51E+01	241.3179170	-52.9594440
1.0136090	5.32E+02	241.3291670	-52.2633330
0.4218160	1.07E+01	241.8004310	-0.5446750
0.3427230	5.33E+02	241.9554170	-51.6711110
1.5579170	3.70E+01	242.2722920	-19.5022220
1.2794020	1.07E+03	242.3612500	-51.9716670
0.2496090	1.50E+02	242.4213750	-46.2729170
0.7864680	3.80E+02	242.5534170	-53.0636110
1.0183930	4.91E+01	242.6782280	-13.3728640
0.4811190	4.16E+02	242.6845830	-50.1117220
1.2968500	2.21E+02	242.7612500	-48.1941670
0.1824920	1.28E+02	242.7633330	-52.1565560
0.6664380	5.57E+02	242.9442920	-49.8325560
0.3545500	7.99E+01	242.9638040	-58.7950920
0.4833110	1.17E+03	243.0025000	-51.6150000
0.9238340	4.90E+01	243.1085830	-24.1344440
0.3823760	1.61E+02	243.3709580	-47.2405000
0.4575020	3.60E+02	243.4269170	-52.1891670
0.6552210	6.24E+02	243.4895420	-52.5713890
0.0335000	5.20E+01	243.5000000	-23.2500000
0.0032000	3.50E+01	243.5000000	-22.5000000
0.2316940	5.83E+02	243.5470420	-50.8009720
0.4072920	1.52E+02	243.6301120	-39.6246670
1.2068010	2.14E+01	243.6704440	7.6252830
1.5340080	7.48E+02	243.6904170	-51.7469440
0.5725920	3.00E+02	243.7099170	-54.0463890
0.3609580	3.13E+02	243.7549620	-54.7423330
0.7915260	1.24E+02	243.9184580	-55.6168060
2.4775680	4.48E+01	243.9701460	-29.6710420
1.0258310	4.88E+02	244.0975000	-52.1466670
1.2195940	1.16E+03	244.1287500	-51.1547220
3.4284660	1.64E+02	244.3474170	-42.2830560
0.0693570	4.67E+02	244.3720830	-50.9203330
0.5670800	3.22E+02	244.3962710	-46.1434720
0.2035530	1.35E+02	244.5283330	-47.3886390
0.0119870	1.18E+02	244.6250000	-39.3166670
1.1563600	7.10E+01	245.0601670	-54.2476940
1.0840200	2.61E+02	245.2696250	-50.6635000
0.3719240	3.63E+02	245.4825000	-52.7288890
0.4576810	1.77E+02	245.6252500	-43.7892780
1.0729680	7.55E+02	245.6562500	-49.7416670
0.9169380	2.31E+02	245.6894500	-43.5411670
0.2650720	3.64E+02	245.6966250	-48.0369720
1.2764460	6.82E+01	245.8236520	-9.1470030
0.0110760	6.29E+01	245.9092570	-26.5316020
0.3645900	2.95E+02	245.9514170	-42.9477780
0.7257320	1.83E+02	245.9783330	-49.8177780
0.8712430	2.24E+02	246.0779170	-46.2172220
0.2331640	1.39E+02	246.0890040	-44.1927220
0.4487230	3.64E+02	246.2287080	-47.3575000
2.3552780	1.45E+02	246.2930420	-40.8059720
0.4603390	6.85E+02	246.3252080	-49.0760000
0.2939280	8.17E+02	246.6770830	-48.1316670
0.3701410	2.37E+02	246.7040830	-45.6237780
0.6123310	5.58E+02	246.7930830	-48.7522220
0.4908570	3.38E+01	246.8281630	14.3224170
0.3524640	1.66E+02	246.8378330	-55.7978890
0.1407460	4.56E+02	246.8697920	-47.1139440
0.8659710	9.52E+02	247.1117920	-48.0830560
4.1375390	1.21E+03	247.1287500	-48.4783330
0.0060010	2.95E+01	247.2865440	-69.0459150
0.5590710	4.90E+02	247.5102920	-47.3283330
0.5759710	4.98E+02	247.6561250	-47.5513890
0.5512410	2.35E+02	247.8263750	-41.9176940
1.0468100	4.12E+02	248.0583330	-45.1525000
0.2285640	5.78E+02	248.0696670	-47.9595280
0.8134530	7.58E+02	248.1655830	-48.3146110
1.7091540	5.63E+02	248.2075540	-46.3635000
0.7176370	8.99E+01	248.2258330	-10.2216670
0.3521420	3.98E+02	248.2504290	-50.2522500
0.7108300	1.12E+03	248.2725000	-48.0933330
0.4365070	4.74E+02	248.4460330	-44.8855000
0.5073560	3.73E+02	248.5204580	-51.1291110
0.5291210	1.35E+02	248.7878330	-59.9113890
0.4905070	2.43E+01	248.8574240	24.3131440
1.1793870	5.40E+01	248.9473330	-15.1977780
0.6719640	4.74E+02	248.9808330	-49.7433330
1.5947460	4.16E+02	248.9808330	-45.2241670
1.2046440	5.03E+02	249.1333330	-48.0652780
0.4303670	5.43E+02	249.2297920	-49.5527780
1.1657410	4.48E+02	249.2975000	-47.3508330
0.1540270	4.17E+02	249.3073750	-46.7041670
0.2528700	4.71E+02	249.4714580	-44.8406390
0.7713670	6.08E+02	249.4866670	-43.5950000
0.1187710	1.93E+02	249.4946250	-45.8909170
0.7639330	5.52E+02	249.5539170	-47.4255560
0.2781370	4.24E+02	249.5957500	-46.1365560
0.6982610	2.38E+02	249.6556210	-38.2509440
0.1178020	4.36E+02	249.6925870	-44.2843330
1.1219440	2.37E+02	249.7203330	-43.7344440
0.3405030	1.70E+02	249.7498330	-52.4492780
0.5875590	2.59E+02	249.7785420	-43.9977780
0.2645580	2.59E+02	249.8383370	-46.0758610
0.5174050	5.92E+02	250.0549580	-47.2598060
0.0031630	1.84E+01	250.0697600	22.4024840
0.7390990	4.11E+02	250.1815000	-49.8505830
0.1783520	4.74E+02	250.1984170	-46.8125000
1.0910080	2.77E+01	250.3251670	-23.7933330
0.0103780	3.04E+01	250.4203330	36.4542890
0.0035280	2.95E+01	250.4208330	36.4602780
0.0037220	3.01E+01	250.4208330	36.4602780
0.0031180	3.06E+01	250.4208330	36.4602780
0.0024870	3.03E+01	250.4208330	36.4602780
0.7175080	4.51E+02	250.8063330	-45.8484720
1.3478990	4.82E+02	250.8350000	-45.3669440
0.2373830	4.84E+02	250.9040420	-45.0961110
0.0046220	6.24E+01	250.9089830	-12.4163110
0.4550600	4.79E+02	251.2053370	-45.9859720
0.3876900	3.57E+01	251.2585060	-3.2995330
0.4108610	3.63E+01	251.3933960	10.2044560
0.5300750	2.79E+02	251.6514580	-51.3873890
0.2316030	4.90E+02	251.7137500	-43.7772220
1.7856110	4.30E+01	251.7283330	-68.5308330
0.8406800	5.95E+02	251.7304170	-43.1352780
10.6106550	0.00E+00	251.7925000	-45.8713330
0.7194550	1.28E+02	252.0252920	-32.9446670
0.6296320	9.25E+02	252.0541670	-44.9738890
0.1649500	3.93E+02	252.0917500	-46.1877780
0.2976920	5.40E+02	252.3261250	-47.4980560
0.8707120	3.99E+02	252.3350830	-43.8228330
0.5570190	3.32E+02	252.3520830	-46.8858330
0.6135710	1.80E+02	252.3795830	-55.8944440
1.0152570	3.55E+01	252.4342920	25.5519440
0.2620260	2.14E+02	252.4509250	-38.0997500
0.3089180	2.52E+02	252.5548920	-41.4427220
1.7495520	4.33E+01	252.6133530	-16.9111420
0.3808700	3.20E+02	252.6345830	-45.0436940
0.1563990	2.30E+02	252.6462500	-49.3510780
0.3093980	6.73E+02	252.6861670	-43.6918890
1.7553110	8.00E+01	252.7827920	-76.7109720
0.9733940	3.35E+01	252.8823030	-17.1561410
0.8905340	1.64E+02	252.9216670	-52.9300000
0.6350560	1.79E+02	252.9290420	-52.3828330
0.8440810	4.82E+02	252.9532920	-42.7697220
0.5174430	5.62E+02	252.9883330	-45.3197220
0.9158030	4.08E+01	253.0127920	26.8612220
0.3054470	4.95E+01	253.0694870	-14.0076110
1.7037390	6.84E+01	253.2438730	-24.0641300
0.4192800	3.37E+02	253.3737500	-43.2502780
1.0193720	4.25E+02	253.3926250	-40.5003890
0.3050370	2.07E+02	253.4158250	-38.6391110
0.6125580	4.16E+02	253.4175830	-42.8175830
3.0595100	3.54E+02	253.4862500	-48.9141670
1.2739450	3.07E+02	253.5979170	-41.6733330
0.7918220	9.23E+01	253.5984480	-27.2171020
0.9391650	3.02E+02	253.6851080	-37.1825280
0.5429360	1.54E+02	253.8522080	-30.8116670
0.7301340	2.29E+02	254.1373120	-36.3665830
0.6096070	3.75E+02	254.4030420	-44.5388890
1.1664490	8.45E+02	254.5691670	-43.1138890
0.4168740	1.93E+02	254.7288330	-49.9828890
0.3532930	5.35E+02	254.9143330	-44.6502780
0.6409580	6.04E+01	254.9711980	-13.0858300
0.4743810	6.41E+02	254.9849170	-43.2683330
0.5605040	3.54E+02	255.0927920	-39.3166720
0.5783630	2.78E+02	255.0940000	-49.6541670
0.2837920	3.85E+02	255.1606250	-40.2107220
1.4940910	2.33E+02	255.2055000	-36.1980560
1.3583070	1.67E+02	255.2207550	-33.2129170
0.0034180	1.15E+02	255.3000000	-30.1000000
0.0032340	1.15E+02	255.3000000	-30.1000000
0.0022950	1.15E+02	255.3000000	-30.1000000
0.0052420	1.15E+02	255.3021360	-30.1083690
0.0035940	1.13E+02	255.3027930	-30.1136220
0.0038060	1.15E+02	255.3036130	-30.1165110
2.4546090	3.03E+02	255.3272500	-37.4402780
0.3229090	5.26E+02	255.3714750	-45.5635280
0.2913410	1.31E+02	255.4313040	-31.5101940
0.3903280	5.30E+02	255.5598330	-39.5444440
0.2405240	3.77E+02	255.6122500	-43.1777780
0.2275650	6.29E+02	255.6518330	-42.2836670
0.1821360	3.67E+02	255.7188330	-41.4800560
2.1235060	3.95E+02	255.7191670	-44.4675000
1.7472930	2.80E+02	255.8357920	-44.7116670
1.2117850	1.10E+02	255.8439200	-32.6966760
0.8043410	4.96E+01	255.9628670	-18.7710520
1.3964010	1.50E+02	255.9766670	-48.8655000
0.3063230	5.40E+01	256.0616670	-60.2816670
0.8610670	1.08E+03	256.3350000	-41.1455560
0.3189410	2.07E+02	256.3743330	-39.8497220
0.2989870	2.29E+01	256.4004160	-19.1107350
0.8544820	5.98E+02	256.4045830	-39.6080560
0.2554260	1.46E+02	256.4265710	-34.3957820
0.6169790	6.56E+02	256.5187920	-43.1725000
0.5862870	6.26E+02	256.5887500	-38.6641670
0.3619220	7.80E+01	256.6666670	-61.1833330
0.2664740	2.68E+02	256.8147790	-47.4929170
0.5810170	3.60E+02	256.8405330	-40.8989170
0.8905940	3.98E+02	256.9171250	-43.6866670
1.1910240	3.70E+01	257.0104170	-75.6563890
1.2978370	4.54E+02	257.0538330	-45.3808330
1.2257820	7.88E+02	257.0687500	-38.4600000
10.9990350	0.00E+00	257.1958330	-40.1575000
0.6921130	1.91E+02	257.2407850	-34.4455940
0.0046310	2.54E+01	257.2741330	23.2244030
0.5869860	3.56E+02	257.3166250	-38.6880560
0.6530540	2.49E+01	257.3601720	-16.6827030
1.7358980	2.81E+02	257.3787500	-43.7038890
0.1024590	7.57E+01	257.4280330	-44.4856220
0.4478570	3.94E+02	257.4381250	-36.4343330
0.2865610	4.61E+02	257.5989580	-41.8052780
0.1026180	1.92E+02	257.7940040	-43.3814170
0.4653650	3.76E+02	257.9352080	-38.4372220
0.8992180	1.06E+02	257.9713330	-53.8377780
0.8688040	5.99E+01	257.9794160	-15.1610410
0.2553600	9.26E+01	258.0487920	-27.2647220
0.7781490	5.25E+02	258.1458330	-39.7166670
0.0925280	7.13E+02	258.1458330	-39.7166670
1.6001140	5.44E+02	258.2595830	-38.7413890
0.3924510	3.42E+02	258.3666670	-39.8166670
0.0045700	1.60E+01	258.4563770	7.7937570
0.6962790	5.10E+01	258.6671750	-10.9030280
0.7796280	4.49E+02	258.7902080	-37.0011110
0.5737450	4.07E+02	258.7939170	-42.9150000
0.2784810	3.13E+02	258.8095830	-39.0505560
0.9281080	8.17E+02	258.9078750	-38.9903060
2.0721530	2.54E+02	258.9207920	-40.5727780
0.6303140	6.83E+02	259.0473330	-37.3455560
0.3499290	5.39E+02	259.2583330	-40.7252780
0.6824190	5.26E+02	259.3165000	-37.6266670
1.1494990	7.07E+02	259.3266670	-38.7841670
0.6562990	5.88E+02	259.3343520	-34.4165460
0.8877100	3.09E+02	259.3375000	-40.9105560
1.0855210	4.66E+02	259.3564580	-39.8986110
0.3217930	1.25E+02	259.3985420	-58.0015000
0.3978570	4.53E+02	259.4496250	-40.7305560
3.3782070	3.73E+02	259.5416670	-37.3147220
0.5904730	2.54E+02	259.5495830	-45.6544170
0.0746700	2.47E+02	259.5565210	-38.4216830
1.2893790	8.33E+02	259.5774580	-37.2377780
0.1890940	3.87E+02	259.7571750	-40.1165280
0.2354750	2.98E+02	259.9532080	-43.0365000
1.6156640	4.11E+01	260.0054170	21.8368890
0.3511250	3.82E+02	260.0082330	-36.9851390
1.5656010	4.48E+01	260.1050260	-16.5593680
0.6204480	4.26E+01	260.1421560	-29.5545110
0.4777150	6.70E+01	260.2386210	-2.2066390
1.0040370	7.57E+01	260.2561680	-19.6140460
0.0034970	4.78E+01	260.2729000	-24.9516940
0.2804240	4.96E+02	260.3865780	-35.5471140
0.4040400	1.03E+02	260.4442080	-19.6636110
0.4771580	1.26E+02	260.5123130	-32.1292580
0.3991830	4.16E+02	260.5409040	-36.5481390
0.2185540	2.19E+02	260.6938210	-44.0092220
0.2361730	9.95E+01	260.7465420	-37.2010280
0.2027220	2.54E+02	260.7815830	-36.9871940
1.3091090	1.82E+02	261.1075000	-45.0041670
0.9482370	4.09E+02	261.1869580	-31.8177780
1.2217080	8.75E+02	261.1995420	-35.0933330
2.0623860	2.30E+02	261.2504170	-38.8100000
1.2577880	1.61E+02	261.2912500	-28.8727780
0.2399190	5.89E+01	261.3011710	-7.5497780
1.4650710	2.03E+02	261.4225830	-40.7197220
1.0324710	7.44E+02	261.4258330	-35.7711110
1.1101320	7.27E+02	261.5312920	-35.4994440
0.8827780	2.77E+02	261.6390420	-40.1005560
0.2874320	5.39E+02	261.7067080	-36.5960000
1.2931000	1.47E+02	261.8791250	-27.6501390
0.8663430	2.31E+02	262.1153330	-40.4694440
0.3860040	4.11E+01	262.1450800	-0.1291680
0.6155380	2.82E+02	262.1927080	-37.5522220
1.5384270	2.89E+02	262.5345000	-29.0127780
0.0081230	9.61E+00	262.5902010	-23.0753890
0.1394600	2.59E+02	262.6356630	-33.8442860
3.2702420	2.56E+02	262.7315830	-33.8938890
0.7530480	3.54E+02	262.7522080	-31.3952780
0.8298290	1.23E+02	262.9254290	-47.7429330
0.3328870	5.14E+02	263.0299170	-34.4347220
0.4837700	7.24E+01	263.0834400	-19.5023820
2.1840010	3.17E+02	263.0867080	-37.4847220
0.0053130	5.68E+01	263.1990300	-50.8166970
0.3234340	2.29E+02	263.2035830	-41.9415560
0.6279810	1.95E+02	263.2083330	-41.4800000
0.6597940	2.42E+02	263.3577500	-25.5530560
0.8716830	4.11E+01	263.3601570	-22.4770090
0.3375860	1.54E+02	263.3614750	-37.2818330
0.7681850	2.25E+02	263.3912500	-28.6258330
1.2459150	5.24E+02	263.4800420	-33.3675000
0.5617780	3.18E+02	263.4943330	-40.0943610
0.3620520	6.36E+02	263.4953750	-30.5136110
1.1690080	5.78E+02	263.6108330	-33.5561110
0.6125240	1.26E+02	263.6733330	-24.2555560
0.8393940	6.51E+01	263.6902540	-2.2108540
0.4193350	7.35E+01	263.7707150	-7.4145810
0.3509630	7.54E+02	263.9870830	-32.9719440
0.5028030	1.06E+02	264.0112500	-35.1988890
1.5924190	2.61E+02	264.1030420	-28.3283330
6.4450360	3.31E+02	264.1774580	-28.7308330
2.6422230	1.70E+02	264.1893330	-24.9638890
0.9992450	4.20E+01	264.2250000	5.8000000
0.4504320	4.88E+02	264.2678750	-31.6225000
0.8162730	8.04E+02	264.2937920	-33.3388890
0.7686720	2.80E+02	264.3905420	-31.0334720
0.3975850	8.94E+01	264.4168290	-35.9288330
0.3495910	1.82E+02	264.5209580	-26.7961110
1.9788470	9.93E+01	264.5366670	-23.5130560
0.7303730	2.73E+02	264.6435420	-33.2671110
0.5494980	7.35E+02	264.6975000	-31.1288890
0.4433980	2.23E+02	264.7176670	-29.9308330
0.0058500	3.38E+01	264.7248470	3.5530110
0.7684990	4.96E+01	264.7257720	-32.1982350
0.2341690	1.02E+02	264.8248580	6.2078890
0.2393170	5.73E+02	264.8467500	-30.8277780
0.5294410	6.00E+02	264.8512670	-31.5209160
0.3228820	1.39E+02	264.8928250	-29.0509670
0.3417720	2.46E+01	264.9093750	-39.8667500
0.1143680	1.70E+02	264.9158330	-30.3866670
0.8775610	3.37E+02	264.9528330	-31.9969440
1.2156980	5.82E+01	264.9909210	-13.2218330
0.8030500	4.87E+01	265.0306060	13.1990810
0.5150010	2.74E+02	265.1071670	-33.4648610
0.1540870	2.39E+01	265.1081250	10.0017500
0.6067840	1.52E+02	265.1409170	-30.2620830
0.0036500	7.18E+01	265.1857880	-53.6780280
1.6926560	3.33E+02	265.1888330	-25.6719440
0.5703100	7.41E+02	265.2084620	-30.8678060
0.8929590	1.49E+02	265.2555830	-27.5641670
3.9045060	7.49E+01	265.2786250	-20.3233330
1.8937490	3.82E+02	265.2793330	-30.2752780
0.2235580	3.10E+02	265.3102920	-29.7597220
0.5122110	1.59E+02	265.3253370	-39.4605560
2.0430820	7.49E+01	265.3439820	-8.6755060
0.3467970	3.62E+02	265.3960830	-27.3230560
0.0037470	2.40E+01	265.4041670	13.9113890
1.3607380	2.93E+01	265.4729580	27.9691670
1.0163490	1.86E+02	265.5184580	-39.9561110
0.4124010	1.16E+02	265.6087500	-46.2815280
0.3061670	1.32E+02	265.7717630	-42.2006670
0.4446450	3.03E+01	265.7841050	-3.6531890
0.1931050	5.06E+02	265.8148540	-31.8848060
1.2425080	2.39E+02	265.8338330	-24.7152780
2.4145760	1.93E+02	265.9028570	-31.8393600
0.4053370	1.16E+02	265.9067590	-13.8605460
0.1724440	1.48E+02	266.0111460	-39.3725280
1.0660610	1.93E+02	266.0236750	-31.5011110
1.7572060	6.67E+01	266.0688920	-16.1766110
0.0040750	3.14E+00	266.1225050	-11.5818460
1.6835070	9.67E+01	266.2019580	-23.5986110
1.0454070	9.01E+01	266.2585830	-1.4883610
0.0193760	6.45E+01	266.2880830	-9.8776860
1.1605930	2.99E+02	266.3196250	-22.4872220
0.1873790	1.13E+03	266.4583330	-29.2000000
0.3674290	8.84E+01	266.4846040	-30.6731940
3.4650380	5.20E+01	266.5035000	22.7580280
1.0581480	5.15E+01	266.5286250	25.6770830
0.9452240	1.17E+03	266.7062500	-28.9419440
0.0988130	1.02E+02	266.8170830	-29.9686110
2.7800790	8.35E+02	266.8606250	-28.0436110
0.0115630	2.42E+02	267.0093960	-24.7769170
0.0084360	2.37E+02	267.0189170	-24.7766670
0.0047140	2.44E+02	267.0204170	-24.7791670
0.0021980	2.37E+02	267.0204170	-24.7791670
0.0055400	2.39E+02	267.0204170	-24.7791670
0.0216720	2.38E+02	267.0204170	-24.7791670
0.0049260	2.38E+02	267.0204170	-24.7791670
0.0095700	2.39E+02	267.0204170	-24.7791670
0.0803380	2.34E+02	267.0204170	-24.7791670
0.0029700	2.35E+02	267.0204170	-24.7791670
0.0022450	2.38E+02	267.0204170	-24.7791670
0.0035700	2.39E+02	267.0204170	-24.7791670
0.0086670	2.38E+02	267.0204170	-24.7791670
0.0016770	2.36E+02	267.0204170	-24.7791670
0.0017290	2.39E+02	267.0204170	-24.7791670
0.0028120	2.35E+02	267.0204170	-24.7791670
0.0050290	2.38E+02	267.0204170	-24.7791670
0.0061170	2.36E+02	267.0204170	-24.7791670
0.0070850	2.38E+02	267.0204170	-24.7791670
0.0032890	2.36E+02	267.0204170	-24.7791670
0.0020730	2.39E+02	267.0204170	-24.7791670
0.0042050	2.39E+02	267.0204170	-24.7791670
0.0029990	2.40E+02	267.0204170	-24.7791670
0.0020480	2.39E+02	267.0204170	-24.7791670
0.0013960	2.36E+02	267.0204170	-24.7791670
0.3941330	9.94E+01	267.0725320	-13.0144680
0.4428380	2.07E+02	267.2021350	-24.7436010
0.2886030	2.20E+02	267.2194300	-20.3620890
1.3353880	4.09E+02	267.2970000	-26.4861110
0.6098740	5.09E+02	267.3062210	-30.0430340
0.8744860	3.44E+02	267.3150420	-23.7880560
1.3323100	5.80E+01	267.4354170	-56.0886110
0.1116090	2.33E+02	267.5537500	-37.0513890
5.6390470	2.39E+02	267.5766670	-20.7188890
0.8993770	3.31E+02	267.5956670	-24.7463890
0.6840140	1.89E+02	267.6854210	-35.0524720
0.9103630	2.06E+02	267.6971610	-31.9622610
0.7127940	4.76E+02	267.7491130	-24.6494440
0.0039150	4.28E+01	267.8862350	-28.9629170
0.5482250	2.97E+02	267.8864580	-33.3941670
0.7423520	2.04E+01	267.9259710	-46.9568890
0.3948360	5.56E+02	267.9692920	-25.2786110
0.6402290	5.16E+02	268.1022920	-28.3527780
0.4090510	3.60E+01	268.1475830	23.9967220
0.5625580	5.04E+01	268.2445400	-28.1103610
0.1910370	5.08E+02	268.2447580	-24.1738890
0.5283360	6.72E+02	268.3775790	-25.0069980
0.0629550	1.05E+02	268.3965460	-19.2494440
0.4226170	9.80E+01	268.5000000	-30.1833330
2.3913970	3.54E+01	268.5955360	52.0200710
0.3616910	1.88E+02	268.6557170	-34.7316390
0.3927040	8.23E+01	268.7275670	-35.1786110
0.7337440	1.60E+02	268.7985330	-16.8447220
1.0045130	8.35E+02	268.8304580	-25.3525000
0.2619550	1.15E+02	268.9245000	-27.4291670
0.2335410	5.90E+02	268.9575830	-25.5775000
1.1759680	2.52E+02	268.9987920	-25.3575000
0.7440000	7.70E+01	269.0000000	18.3166670
0.4049800	3.26E+02	269.1065000	-22.4300000
0.0284620	1.21E+02	269.1943050	-22.8665000
0.6704800	3.67E+02	269.2413060	-24.5928640
0.0088700	3.08E+01	269.3131730	-53.3739960
0.2341010	1.79E+02	269.3722340	-24.3687350
0.1853100	2.39E+02	269.4615500	-22.3969440
0.6925520	2.07E+02	269.5233330	-19.5280560
0.7667060	6.66E+01	269.5642080	-28.7672220
0.9472560	3.49E+01	269.6078330	30.5066670
2.1072630	2.18E+02	269.6330830	-25.6802780
1.2028930	3.28E+02	269.6427920	-26.5027780
0.4302780	6.78E+02	269.6852080	-22.1125000
1.0789530	1.29E+02	269.8419000	-31.1226390
0.4609740	1.77E+02	269.8506540	-22.0925090
0.7984520	2.06E+02	269.8673330	-17.6027780
0.5588890	8.13E+02	269.8789380	-23.1213890
0.9565490	4.31E+02	269.8963330	-25.8186110
2.8433890	2.36E+02	269.8975830	-19.9355560
0.7315050	4.67E+02	269.9240000	-19.0552780
0.5744000	7.94E+01	269.9510250	-29.3686740
0.8107180	8.89E+02	269.9551250	-23.0355560
0.2547200	3.03E+02	269.9876670	-19.6747220
1.0308200	2.80E+02	270.0000000	-23.7166670
1.7992720	6.41E+02	270.0512500	-21.2386110
0.7831850	5.00E+01	270.0920000	-1.4251670
0.1249240	2.89E+02	270.2494580	-24.8647220
0.3752970	3.88E+02	270.2847080	-21.9088890
0.4157960	1.07E+03	270.3326210	-23.0789440
2.5504980	4.84E+02	270.3429170	-18.9302780
0.9214910	1.20E+02	270.3444180	-3.9652850
0.4381130	7.79E+02	270.3853750	-21.2550000
1.1087250	2.64E+02	270.4445420	-19.1600000
1.0819080	1.26E+02	270.4451500	-29.3440480
0.0036250	5.72E+01	270.4628180	-14.2929170
1.3856040	1.46E+02	270.4694170	-34.9769440
0.5690070	7.11E+02	270.5129170	-24.4452780
0.0126480	1.50E+02	270.5222300	-21.4010000
0.5146710	2.64E+02	270.5618750	-17.7547220
0.5542620	9.80E+01	270.6143750	1.4732500
0.4436490	4.36E+02	270.8726670	-19.3447220
0.3344150	1.66E+02	270.8820530	-27.2017740
0.0071010	1.92E+02	270.8920830	-30.0338890
0.5365960	3.88E+02	270.8945000	-16.2750000
0.1336170	2.34E+02	270.9642100	-21.6187090
2.8643380	3.92E+02	270.9960830	-18.9552780
0.0093430	2.47E+01	271.0880470	-27.2920010
0.5705110	4.24E+02	271.1174580	-22.4716670
0.0231010	1.86E+02	271.2078980	-7.5901930
1.1812690	2.25E+02	271.2754170	-15.0766670
0.2187120	8.09E+01	271.2923110	3.1084090
0.6614020	2.69E+02	271.3580420	-24.7916670
0.3578070	7.08E+02	271.3674580	-20.6211110
0.4546510	1.46E+02	271.3809830	-6.3292780
0.4057690	9.32E+02	271.4045420	-20.5475000
0.8797910	6.83E+02	271.5275000	-19.3397220
0.5226180	1.22E+02	271.5282970	-11.9079850
0.4817890	7.50E+02	271.5816250	-21.4277780
0.6683090	3.19E+02	271.6074170	-16.3105560
0.4842850	5.80E+01	271.7083330	10.4000000
0.8277760	3.13E+02	271.7853960	-27.2508230
0.0030590	1.34E+02	271.8348330	-24.9979440
0.0041860	1.34E+02	271.8358330	-24.9975000
0.1637270	1.12E+02	271.9084480	-8.7953530
0.4643000	8.93E+01	271.9634790	7.9453860
0.3649120	1.47E+02	272.0186670	-32.8261110
0.9184100	6.07E+02	272.0266520	-20.9687570
0.8760440	1.51E+02	272.0393020	-8.2171660
2.4578820	9.50E+01	272.0551250	-27.0225000
0.4251150	1.41E+02	272.0791670	0.5666670
7.5559200	0.00E+00	272.1638330	-20.4109720
0.2410350	5.36E+02	272.1762500	-17.4408330
0.5969930	2.25E+02	272.1901420	-10.3467500
0.7024140	3.82E+02	272.3097060	-21.1507990
0.4348110	8.67E+02	272.3161250	-20.0700000
0.8603880	1.94E+02	272.3624170	-35.7883330
0.3138860	2.41E+02	272.3996670	-7.7170560
1.1244810	5.98E+02	272.4050420	-18.8486110
0.0827470	1.97E+02	272.4297790	-19.2939170
0.8952850	4.11E+02	272.4396250	-14.4902780
5.5402490	1.78E+02	272.4628620	-19.7310920
0.2610490	4.50E+01	272.6851250	-53.6354720
0.1537160	4.52E+02	272.7313330	-18.3441670
0.0328220	2.40E+02	272.7457830	-20.0856390
0.2172140	3.05E+02	272.7465080	-14.6926670
0.9249450	1.48E+02	272.8328330	-1.9085830
0.4617130	5.78E+01	272.8350830	7.0415830
0.0646670	0.00E+00	272.8716670	-19.4244440
0.5574640	7.61E+02	272.8738330	-18.5955560
0.1041820	4.76E+02	272.9793080	-17.6104720
0.4158130	1.72E+02	272.9813750	-24.6647220
1.2053660	2.55E+02	273.0300360	-17.3081870
0.5383410	5.18E+02	273.0662210	-17.5604100
1.2233520	5.47E+02	273.0872080	-21.0433330
0.3158350	3.61E+02	273.1345830	-25.4438890
0.4309910	8.92E+02	273.1453750	-19.1775000
0.7939030	1.04E+02	273.2216160	2.4492010
0.9310890	4.15E+01	273.3053380	40.2275090
0.3285140	3.33E+02	273.3715000	-22.7016670
0.3364250	6.08E+01	273.4115000	18.3708330
0.4264660	4.62E+02	273.4161250	-21.2167780
0.9574640	7.82E+02	273.6556250	-16.8244440
1.3778680	1.68E+02	273.6719170	-6.3004720
0.7512610	6.50E+01	273.6780920	11.5122080
3.9759050	7.92E+02	273.6795830	-17.7466670
1.2499240	5.48E+02	273.7628330	-19.1667780
0.1984360	7.28E+02	273.8111330	-17.6341670
0.7823130	5.26E+02	274.0777590	-17.4840850
0.2176430	1.17E+02	274.1022620	-7.9229170
0.5945000	6.29E+02	274.1216250	-14.7750000
0.5928850	1.28E+02	274.1475100	-26.8315260
0.2179230	5.24E+01	274.1519330	-56.7283610
0.6254700	2.40E+02	274.2500000	-23.1833330
0.3844870	1.03E+02	274.2511250	-38.6332500
0.3870170	9.43E+01	274.2740710	-36.3011110
0.2246040	9.70E+02	274.4008330	-15.1941670
0.4380950	1.48E+01	274.4574580	-7.7219170
0.9396900	8.45E+02	274.5608330	-15.3286110
0.2914890	6.22E+02	274.5989940	-14.3770980
0.5448000	4.22E+02	274.6102080	-11.2747220
0.5511340	6.90E+02	274.6563330	-15.6958330
4.2631600	1.96E+02	274.8875000	-14.9711110
0.3014900	4.04E+02	274.9166080	-10.1411110
1.5156960	3.51E+01	274.9319170	-13.3116670
0.8520470	3.78E+02	274.9605920	-9.4305280
0.2265390	4.22E+02	274.9737120	-15.1723890
1.0603640	6.49E+01	274.9842750	13.0875690
1.7884900	1.08E+03	274.9866670	-14.1337780
1.3881370	5.78E+02	274.9922920	-11.5247220
0.9214600	7.77E+02	275.0823310	-13.7709100
0.3373210	1.04E+02	275.0947000	-5.1606940
0.3099050	4.36E+02	275.1628650	-18.3009050
0.3332430	7.72E+02	275.1700830	-15.4972220
0.5980760	8.44E+01	275.2192000	-4.4605900
0.4141110	8.40E+01	275.2929580	-2.9440560
1.3666820	6.05E+01	275.3062620	17.2630720
1.6560100	1.12E+03	275.3929170	-14.3238890
0.4565120	7.25E+01	275.5473170	-42.1530500
1.7870370	9.52E+01	275.5608330	11.3489440
1.3628170	6.22E+01	275.5768410	7.0886170
0.8311560	6.47E+02	275.6525000	-16.2930560
0.9747000	4.67E+02	275.6658330	-9.1266670
2.0710400	9.25E+02	275.6737500	-12.8802780
0.8348390	1.86E+02	275.7160830	-8.8163890
0.2147710	6.51E+02	275.7251780	-14.0006670
1.8742690	1.21E+02	275.7456420	-22.9418360
1.6367920	3.30E+02	275.7903330	-18.1258330
1.8465340	6.07E+02	275.8327500	-11.4344440
1.6254050	6.11E+02	275.8392500	-15.4394440
0.6171070	1.04E+03	275.8510420	-13.7983330
0.7529070	6.68E+01	275.8790550	5.8400860
0.2798290	4.29E+02	275.9179450	-11.2531350
0.0054400	8.68E+01	275.9186840	-30.3610880
0.4059000	8.70E+01	275.9187500	-24.9975000
0.3785960	8.69E+01	275.9230770	-30.3615820
0.2840540	5.02E+01	275.9449520	-31.1138200
0.7597770	1.36E+02	275.9672750	-1.9012700
0.1893350	2.25E+02	276.0018980	-19.7643660
1.1617430	1.57E+02	276.0430000	-22.5530560
0.4122300	5.71E+02	276.0587500	-15.0091670
0.2233190	1.55E+02	276.0625000	-25.6000000
1.5058750	1.85E+02	276.1193330	-23.4713890
0.4357590	6.03E+02	276.1230790	-11.3118370
0.0030540	1.20E+02	276.1333710	-24.8697500
2.4994680	5.80E+01	276.2226250	-1.4642780
0.3624920	4.63E+02	276.2339630	-11.9981670
0.3593940	4.28E+02	276.2391130	-14.3848060
0.2791870	3.57E+02	276.2621970	-14.7812790
0.7789490	5.66E+01	276.3138520	0.0721390
0.7689840	1.94E+01	276.3773080	-9.5894720
0.7706190	1.59E+02	276.5000000	-14.4500000
2.0931360	3.21E+02	276.5228030	-11.5287850
0.3820730	5.30E+02	276.5525000	-15.4341670
0.1014660	2.31E+02	276.5548970	-13.5796720
0.2705020	3.81E+02	276.7613960	-7.8386670
0.2457570	4.30E+02	276.7728310	-9.9786410
0.5125480	2.59E+02	276.9411830	-9.5712220
0.0720520	6.07E+02	277.0785380	-11.0308060
0.2694150	3.63E+02	277.0863130	-6.1976390
0.5145230	2.68E+02	277.0898330	-21.3322220
0.1531970	3.03E+02	277.1264830	-10.1194720
0.2463280	2.45E+02	277.1383750	-10.9572220
0.8603320	4.95E+02	277.1785420	-13.6125000
0.7416400	5.60E+01	277.2222420	13.9931560
0.3184010	3.17E+02	277.2723750	-7.5727780
0.0410100	1.38E+01	277.3944450	24.9383870
0.3071330	2.17E+02	277.4297380	-17.8510830
0.1991470	1.14E+02	277.4464170	0.0023610
0.7714930	3.94E+02	277.5014580	-14.2436110
6.2215530	2.57E+02	277.5071670	-11.5922220
0.1525120	9.57E+01	277.5817170	-1.5300280
0.3456980	2.20E+02	277.6279170	-0.8816670
0.4050430	1.62E+02	277.6981960	-10.9910910
2.8579410	3.42E+02	277.8034580	-12.3919440
0.5079450	3.52E+02	277.8712500	-14.3961110
0.0672670	2.47E+02	277.8929330	-9.8671390
0.6121330	2.46E+02	277.9013920	-8.3899720
2.1656790	3.38E+02	277.9831670	-13.4988890
0.1993000	1.27E+02	278.1250000	-28.7166670
0.6472930	3.01E+02	278.1542500	-8.4510110
0.3303540	4.76E+02	278.1702780	-10.3591040
0.7442950	5.78E+02	278.1777920	-6.7338330
0.5339170	2.83E+01	278.2112500	0.4908330
0.4834590	3.53E+02	278.2816670	-5.9902780
1.8894360	3.50E+01	278.3116670	-60.3844440
0.0618660	1.70E+02	278.3898750	-10.5687500
1.5215450	4.61E+02	278.4120000	-5.9347220
0.0852840	4.11E+02	278.4179170	-8.4586790
0.6867040	2.35E+02	278.4246440	-3.6512030
0.6336400	5.43E+02	278.4933330	-10.9252780
0.5129800	2.95E+02	278.5666670	-7.5186110
0.5209540	8.87E+01	278.5719000	-0.1814670
0.6102590	3.42E+02	278.5963330	-12.0406670
0.2901080	7.93E+01	278.6066780	-4.4377330
1.1727190	6.20E+01	278.6125000	10.7333330
0.3173150	7.07E+02	278.6218750	-6.5503060
0.7883540	5.52E+02	278.6305000	-7.7057220
0.4879140	4.45E+02	278.6582080	-6.0430560
1.4656560	1.85E+02	278.6914170	-18.9330560
0.3295320	1.55E+02	278.7128880	-0.5261940
0.3583060	1.24E+02	278.7225040	-17.1805560
0.3058300	4.73E+02	278.7731740	-6.7184330
1.0877490	4.56E+02	278.7838330	-5.3688890
0.8418650	2.70E+02	278.8039420	-3.8194170
0.1659070	1.33E+02	278.8261960	-11.1041940
0.8591920	4.71E+02	278.9084170	-9.4075000
0.3795360	1.93E+02	278.9369170	-9.7772220
0.1453470	2.77E+02	278.9444170	-9.7413890
0.6704860	3.27E+02	278.9597080	-15.8105560
0.3024480	1.14E+02	278.9897960	-10.3346670
0.4572450	5.64E+02	279.1050000	-5.2930560
0.3542370	2.32E+02	279.2157930	-4.6104660
0.1787560	1.57E+02	279.2178630	-13.4093330
0.5627110	3.17E+02	279.2246910	-10.1356530
1.9635320	1.01E+02	279.2796670	12.3650000
1.8760190	3.00E+02	279.2892080	-12.7322220
1.9058090	3.16E+02	279.3110430	-6.8839210
0.2010630	3.18E+02	279.3485960	-5.9911940
0.4735130	1.24E+02	279.3685420	0.8869440
0.6170370	8.70E+01	279.3839750	-0.7529560
0.0962940	4.62E+02	279.4314580	-6.0802780
0.6183580	1.01E+02	279.4760420	-18.6188890
0.3808310	6.21E+02	279.5466250	-4.8897220
1.2183540	2.08E+02	279.6103330	-10.7825000
0.2353030	2.74E+02	279.6587080	-5.8200000
1.9019670	3.39E+01	279.6794250	16.8377920
0.9271780	4.24E+02	279.7157500	-6.4150000
0.9319000	3.07E+02	279.7500000	-1.6000000
0.1494610	2.93E+02	279.7502670	-4.6159720
0.4495480	4.98E+02	279.7908460	-6.7292220
0.4849140	8.85E+01	279.8352500	-6.4594440
0.2387780	4.49E+02	279.9063130	-3.3529170
0.5853190	2.43E+02	279.9275790	-4.9996670
1.9114280	1.70E+02	279.9321170	-12.6446390
0.5209400	2.42E+02	279.9627500	-4.0402500
0.4189690	3.48E+02	279.9727420	-9.0874440
1.0964400	2.33E+02	280.0573960	-8.2529440
0.8593680	3.22E+02	280.0965830	-5.9878330
0.9409620	3.11E+02	280.1002750	-11.3696390
0.9556720	3.50E+02	280.1390170	-8.1509170
0.7974780	1.82E+02	280.1420290	2.2485280
1.6528620	2.67E+01	280.1858670	56.6820750
5.3093770	2.72E+02	280.2162500	-8.6747220
0.7544700	3.02E+02	280.2240920	-12.1257220
0.1861470	3.25E+02	280.2735930	-4.4221210
0.0297730	1.26E+02	280.3240040	1.5046940
11.7750540	0.00E+00	280.3300000	-4.9369440
1.6576560	2.16E+02	280.3578750	-3.1725000
0.3536030	4.10E+01	280.3579170	-78.7541670
1.3345570	2.67E+02	280.3929170	-14.0719440
0.2040680	1.94E+02	280.4111670	-3.8118330
0.4457490	2.89E+02	280.4555000	-5.4081940
0.3813190	4.91E+01	280.4831660	9.2020430
0.6633210	4.75E+02	280.4841960	-1.9651670
0.3130160	2.12E+02	280.5416750	6.6375000
0.5266820	1.88E+02	280.5470370	-4.2606110
0.2333260	1.10E+02	280.5709250	3.9764720
0.4049200	9.55E+02	280.5792500	-3.1627780
0.3446430	3.43E+02	280.5922420	-9.0901670
1.8399440	1.96E+02	280.6103240	-3.9999540
0.4716040	1.03E+02	280.6248330	13.5337500
3.0882560	1.48E+02	280.6288750	2.9663330
0.5644750	4.85E+02	280.6793750	-6.2100000
1.0542280	4.34E+02	280.7411250	-1.8907500
0.1323140	7.98E+02	280.7777920	-3.9322220
0.6698720	4.86E+02	280.8026250	-1.6295280
0.1916140	2.28E+02	280.8435040	-7.0485000
3.4065390	8.53E+01	280.8590830	20.4151670
0.7549630	4.44E+02	280.8651790	-4.9917780
0.8803300	1.02E+02	280.8665080	-0.0113610
0.5364140	2.16E+02	280.8696460	-8.1124720
2.0275240	4.42E+02	280.8763670	-2.1841110
0.5835500	2.16E+02	280.8900290	-15.1175000
0.7825980	5.07E+02	280.9030000	-0.8361110
0.0018460	6.00E+01	280.9219260	-11.2252920
0.7819340	2.46E+02	280.9310000	-4.1344440
0.2694430	6.26E+02	281.0064170	-4.8724720
0.2556990	4.13E+02	281.0212850	-5.6428290
0.4605030	3.46E+02	281.0458330	0.5833330
0.9910270	1.23E+02	281.1393850	-4.5534480
0.3351630	3.18E+02	281.1415000	-5.0334720
0.6410980	6.05E+02	281.1712460	-0.5071670
0.5077220	4.29E+02	281.1873970	-2.7447030
0.5250490	8.36E+02	281.1895000	-3.1769720
0.2729630	8.20E+02	281.2208330	-2.9333330
0.3754630	4.15E+01	281.2287270	14.9039220
6.9712700	0.00E+00	281.2375000	-3.0000000
0.6343540	2.28E+02	281.2737210	-8.4443610
1.4216540	1.13E+02	281.2857920	6.3993330
2.6189180	1.97E+02	281.2979170	-13.8651390
0.4867510	2.31E+02	281.3946240	-4.5749500
1.0923480	3.16E+02	281.4103750	-5.7550560
0.2062200	2.07E+02	281.4407420	-11.2363890
0.2076360	5.00E+02	281.4704170	-3.2680560
0.1046950	2.81E+02	281.4882500	-7.7273330
4.4767390	2.39E+02	281.5000000	-2.9333330
4.8788390	9.70E+01	281.5574170	-74.0511110
0.3501100	3.88E+02	281.5822670	-7.8226110
0.3256840	0.00E+00	281.6039170	-2.9750280
0.4343730	1.40E+02	281.6825880	0.8608330
0.7781640	2.08E+02	281.8377960	-6.0872500
0.5977690	1.42E+02	281.8451580	-4.0372760
6.7070460	6.67E+02	281.8967080	-1.5127780
0.9579910	2.29E+02	281.9080210	-4.6375830
0.3408320	4.55E+02	281.9660420	-4.7267220
6.7953000	8.80E+01	282.0000000	-12.7833330
1.3122180	1.63E+02	282.0492080	-11.8358890
1.6371290	4.18E+02	282.0625420	-5.1938890
4.3081900	1.82E+01	282.0751440	-19.8752460
0.2250040	4.97E+02	282.0847880	-6.0188060
0.6594320	1.60E+02	282.0982990	-1.3995080
0.7547300	1.39E+02	282.1250000	12.8333330
0.5376240	3.06E+01	282.1578750	-0.3880560
0.2977700	1.34E+02	282.1631480	-14.2381630
0.3286650	9.08E+01	282.1823750	8.4433060
0.2745570	1.17E+03	282.1895830	-0.9313890
2.2186030	2.43E+02	282.2275920	6.0796670
0.5059570	2.79E+01	282.2333750	6.7921390
0.7611940	5.61E+01	282.2644620	4.1617500
1.4513190	1.48E+02	282.2768150	-6.6185850
0.6724810	1.23E+03	282.2927080	-0.6722220
0.2756410	6.22E+01	282.3944850	24.3961040
0.5421550	2.07E+02	282.4340830	1.4563890
0.9533840	1.20E+02	282.4381540	-6.2420830
0.6684080	4.29E+01	282.4910420	-3.2919440
0.7341850	8.95E+02	282.6391250	-0.5191670
0.3455820	6.02E+01	282.6478070	13.5995540
1.0818440	2.01E+02	282.6881000	0.4404440
1.4090650	2.40E+01	282.7632080	-0.8853610
0.2846970	1.16E+02	282.7637450	4.3033370
1.2053030	7.06E+01	282.8050650	12.9931350
0.4351940	5.15E+02	282.8135830	-2.6919440
0.9531820	4.27E+02	282.8183750	-1.2370560
0.9069770	4.18E+02	282.9674170	1.3163890
0.4289790	4.31E+02	283.0150000	-1.4565000
0.4514730	2.86E+02	283.0714580	-1.3041110
2.1801950	7.87E+02	283.1142550	0.5338850
1.3261490	3.20E+02	283.1358330	3.0847220
0.1049130	0.00E+00	283.1606670	0.6721780
0.9577510	5.45E+02	283.1740790	0.2325280
0.4678940	2.55E+02	283.1782500	0.1360000
0.5241510	1.71E+02	283.2390830	-6.5991670
0.3363370	5.68E+01	283.2477830	-26.1701950
0.9051370	2.79E+02	283.2681670	5.0905830
3.9146580	2.14E+02	283.3419580	8.8880560
0.1014360	4.38E+02	283.3459080	-0.0756390
0.3978820	5.69E+02	283.3748670	0.1915830
0.2755780	1.81E+02	283.3860830	0.9497220
0.0040920	3.06E+01	283.4888260	13.0622470
0.1264000	1.99E+02	283.4934080	5.7653330
0.5731970	2.07E+02	283.6222300	10.7783690
1.1465950	1.30E+02	283.6845530	-14.3573400
0.3454010	1.52E+02	283.8153330	-9.6838890
0.2586850	2.44E+02	283.8238330	7.0103060
0.8453480	4.03E+02	283.8609580	3.1222780
1.6781060	4.38E+02	283.9223750	4.3797220
0.2674400	9.67E+01	284.0443820	1.2225760
0.3704830	1.31E+02	284.0915710	-5.4491110
0.4202520	3.41E+02	284.1108330	4.0738890
0.6202170	5.54E+02	284.1187630	1.0362780
0.3569290	8.24E+01	284.2533670	0.9546590
0.5029240	2.82E+02	284.2887920	8.1511940
0.3499510	4.66E+02	284.3160670	5.4413060
3.6872190	1.09E+02	284.3602080	-10.4502780
0.1397600	2.49E+02	284.3875330	1.7297220
0.0053620	1.33E+01	284.4016320	9.7214530
0.6309830	7.83E+02	284.4204170	2.1827780
0.4158230	5.07E+02	284.4318430	2.2114200
0.7458280	7.02E+02	284.5726250	2.2605560
4.6932330	3.36E+02	284.7242080	2.6938890
0.9339720	9.75E+01	284.9349540	15.4363890
1.0443130	2.76E+02	284.9406670	6.0294720
0.5596340	4.20E+02	284.9416670	0.5833330
0.6022270	6.50E+01	285.0750000	30.8833330
1.2791930	3.90E+01	285.1016670	-79.8633890
0.3898690	3.23E+02	285.1168080	6.5724720
0.3742620	2.01E+02	285.1608330	2.4588890
0.3851940	1.37E+02	285.1943500	-0.8523330
0.6122090	3.80E+01	285.1982580	-26.0121670
0.6365840	3.93E+02	285.2625420	3.3383330
0.8320020	9.40E+01	285.2748330	6.3552780
2.6630800	3.52E+02	285.2929170	4.2308330
1.2996930	1.85E+02	285.3152920	2.9113890
0.3557250	1.06E+02	285.3153120	-3.2081940
0.8016930	2.43E+02	285.3180420	-3.2539720
1.9568580	2.44E+01	285.3251250	-17.6666670
0.5547560	5.47E+02	285.3783750	3.9330280
0.6554500	4.02E+02	285.3824220	3.5183120
0.7776620	3.46E+02	285.3833330	0.4333330
0.6905760	1.04E+03	285.3841670	4.5897220
0.2882190	1.05E+02	285.3928690	1.9439490
0.8320000	1.62E+02	285.4000000	6.1600000
0.6439990	2.53E+02	285.4122360	7.2763350
1.8308570	7.50E+01	285.4532080	13.1134170
0.3188170	3.14E+02	285.4689370	1.4136940
1.7819280	7.27E+01	285.4708960	-9.1030020
0.6147570	4.29E+02	285.4910420	5.1761110
0.4878130	1.05E+02	285.5564170	7.3975000
0.7465770	1.77E+02	285.6775850	5.9405330
1.2237770	2.72E+02	285.7094170	2.8155560
0.6735000	5.03E+02	285.7094910	6.2759580
1.5246720	1.14E+02	285.7112500	-3.6716670
0.3741170	3.88E+02	285.8369750	6.0261110
0.7293040	2.45E+02	285.8749230	1.5939820
0.3014590	1.13E+02	285.8764290	-2.9710000
0.4318870	1.96E+02	285.9080830	-6.5394280
0.6511850	1.09E+02	285.9706250	22.4200830
0.3571550	1.62E+02	285.9799170	9.4319440
1.8565700	1.35E+02	286.0103750	10.1929440
0.2633450	4.39E+02	286.0145830	8.0146110
0.2090000	2.75E+02	286.0375000	7.6613890
0.1395250	2.34E+02	286.0530010	0.0681270
0.0710950	1.86E+02	286.1307580	4.2016390
0.7508080	1.18E+02	286.1386730	-12.4003660
0.3793870	1.62E+02	286.2314790	-1.8423610
0.4412100	7.30E+02	286.2681250	6.0166390
0.9897060	2.56E+02	286.2785370	6.2713060
0.0031930	1.94E+02	286.3141670	1.9091670
0.2180000	4.52E+02	286.3166670	9.0227780
0.6431810	2.29E+02	286.3655640	-0.9447100
0.0037840	2.57E+01	286.3678070	4.0030340
0.6480400	2.45E+02	286.4734260	7.1553790
1.2865640	2.49E+02	286.5498750	6.8300280
0.7753450	2.65E+02	286.6185830	9.2157220
0.2672750	4.73E+02	286.6468540	6.6841390
1.0190930	1.57E+02	286.6862920	18.9023610
0.1440720	2.18E+02	286.7028040	7.7746110
1.0433620	3.49E+02	286.7408040	4.2415110
0.8270970	2.57E+02	286.7945830	12.7933060
5.1689180	0.00E+00	286.8097080	9.3222500
0.2401530	3.12E+02	286.8105960	3.7529440
0.2261070	3.58E+02	286.8435040	9.3085440
1.1384030	5.24E+02	286.8472500	5.5813890
1.2357570	3.10E+01	286.8944000	40.0349190
1.4201600	2.03E+02	286.9074170	11.8269720
0.3518790	2.61E+02	286.9251250	2.8280560
0.5746980	3.32E+02	286.9338250	7.6729440
0.3636760	2.40E+02	286.9782920	7.5227500
0.2910210	2.01E+02	287.0215080	5.0151250
0.3365550	4.68E+02	287.0309870	9.1534440
0.8467930	3.60E+02	287.0672920	4.9613890
0.2123530	1.11E+01	287.0708750	7.5706560
0.1853970	5.12E+02	287.0771250	8.6664440
0.3775780	1.02E+02	287.1330830	23.8616390
0.8302700	2.50E+02	287.2448330	9.2705560
0.5424510	6.45E+01	287.3275170	18.9863170
0.2229490	4.22E+02	287.3329580	9.2149170
0.9961080	1.20E+02	287.3623330	14.8494440
1.0169480	1.13E+02	287.3969070	0.1327140
0.9898310	1.72E+02	287.4096270	2.9140760
0.0029470	1.04E+01	287.4476580	-37.7373120
0.2836400	1.50E+02	287.4528910	11.0342630
0.7559930	3.52E+02	287.4633750	6.2810560
2.3302630	8.29E+01	287.5377660	3.9744510
0.0049840	3.81E+01	287.5404180	12.9404240
0.3378550	2.09E+02	287.5431620	2.4232220
1.4417420	2.59E+02	287.5564130	12.5278290
1.3606030	1.78E+02	287.5654170	-1.2016670
2.7124230	1.24E+02	287.5774870	7.2366110
0.3254150	2.84E+02	287.5919960	7.4769690
0.4528670	4.84E+02	287.6104580	5.5691670
0.5046050	2.06E+02	287.6236590	-3.1650200
0.0083580	3.33E+01	287.7168980	-59.9835730
0.0045720	3.33E+01	287.7173220	-59.9839130
0.0090350	3.33E+01	287.7184010	-59.9848550
0.0052770	3.32E+01	287.7731470	-60.0165830
0.0036190	2.03E+02	287.7962070	1.0360390
0.0053840	1.97E+02	287.8023850	1.0306780
0.0032660	3.37E+01	287.9281480	-59.9741400
0.0036260	3.10E+01	287.9553860	-11.2395360
0.0046260	3.10E+01	287.9800200	13.7928920
0.4604060	4.90E+01	287.9807920	17.9793860
0.6219760	3.78E+01	288.0776080	25.4172560
2.2329690	8.83E+01	288.1806440	21.0760510
0.4093490	1.47E+02	288.1930420	10.6115560
0.1344090	3.55E+02	288.2520830	8.5347500
0.8371480	4.22E+02	288.2649580	10.0006670
0.9233890	1.76E+02	288.3237080	13.5555830
0.0359090	1.79E+02	288.3347540	10.1897140
0.1632460	9.53E+01	288.3377540	9.0792780
0.5214730	1.45E+02	288.3514890	14.0146440
0.3060690	6.37E+02	288.4328330	11.7591940
1.6161300	1.09E+02	288.4617500	4.7683330
1.2419650	1.57E+02	288.4695830	9.6116110
0.8259360	8.94E+01	288.4757230	-4.6799110
0.6009970	1.00E+02	288.5421670	11.3676940
0.6938110	5.80E+01	288.5718330	6.5323060
0.4575270	2.34E+02	288.5991420	2.3299440
2.0583140	1.05E+02	288.7580830	7.8692220
0.3173060	1.93E+02	288.7588420	2.4632690
0.3427770	3.58E+02	288.8077920	8.6499170
1.6162310	6.26E+01	288.8296240	16.7856880
1.5427040	3.90E+01	288.8533330	7.6420560
0.0590300	1.69E+02	288.8666670	16.1076120
0.4045400	2.42E+02	288.8749280	10.1621620
0.2974940	2.74E+02	288.8975670	14.1809720
0.6289700	3.87E+02	289.0488330	10.5148330
0.4399950	3.39E+02	289.0795040	8.7352780
2.1827460	2.95E+02	289.1025000	8.8766670
0.2702540	6.10E+01	289.1347690	9.8572160
1.6183390	3.30E+02	289.1537920	10.3841670
0.5417520	3.04E+02	289.2145830	7.8000000
0.2818420	2.37E+02	289.2444590	13.2138940
0.1946310	9.45E+01	289.4157930	13.8991540
0.4258970	1.35E+02	289.4342830	22.3802110
2.1296650	2.92E+01	289.4535540	8.5818420
0.3708830	1.30E+01	289.5320830	15.6875560
1.1810230	2.72E+01	289.5984930	14.7516670
0.0076460	2.66E+01	289.7001510	-6.7096670
1.6039840	1.92E+02	289.9317500	1.5823610
1.2722600	9.03E+01	289.9610960	0.3610560
0.5098860	1.82E+02	290.0554580	11.1830560
0.7855220	2.76E+01	290.1598940	26.8440000
2.2158020	3.04E+02	290.2307500	10.6752780
0.8210350	1.54E+02	290.2658330	19.8124070
0.6181830	9.16E+01	290.3506660	14.3214090
1.3373020	1.25E+01	290.4367290	21.8839580
0.2106480	8.40E+01	290.4487670	8.2144060
0.7606810	1.01E+02	290.4649880	20.0557780
1.1727630	2.03E+02	290.5333620	20.2992550
1.0779240	2.17E+02	290.7230490	21.1783240
0.5472090	1.43E+02	290.7827080	17.1026110
0.2377900	2.13E+02	291.1666670	20.6675000
1.3460120	4.45E+02	291.5950830	19.4699170
1.0740780	1.02E+02	291.6019620	4.5254570
0.5798230	1.77E+02	291.6888450	16.8091060
1.3249220	2.11E+02	291.7384410	14.5820380
1.4310660	1.80E+02	291.7836670	22.5825830
0.4827660	2.54E+02	291.7934250	18.8690280
0.2983130	9.90E+01	291.8540420	18.9435560
0.2903050	2.03E+02	291.8567830	9.1849170
0.0687290	1.77E+02	292.1770000	17.7741670
1.2204700	1.12E+02	292.3199170	18.7498610
1.1669000	3.30E+01	292.3666670	0.4333330
0.7600320	2.07E+02	292.5039460	13.2697500
0.1368550	3.08E+02	292.6255420	18.8705830
0.5821260	5.60E+01	292.8666670	30.5833330
0.3143550	1.40E+02	292.9821250	15.6159720
0.5714200	5.99E+01	293.0256250	-36.9172500
0.2682170	2.11E+02	293.0334310	20.3462260
0.2265180	3.18E+00	293.0581240	10.9923390
0.1444700	2.19E+02	293.0947580	22.3476350
0.4374540	1.65E+02	293.3308620	7.9686140
0.9283240	1.78E+02	293.3438710	13.0805470
0.0035430	1.15E+01	293.3851130	-62.1963560
0.8136900	1.06E+02	293.4076370	24.6110100
0.6544080	2.15E+02	293.8748750	17.7533890
0.3587380	1.59E+02	293.9492670	16.2778480
0.9673380	1.65E+02	294.0063330	15.6100000
0.2009800	5.32E+01	294.2552750	25.7371320
2.8727740	2.37E+02	294.3179580	15.0886110
1.1215620	7.08E+01	294.4727500	6.8350000
0.6453020	1.43E+02	294.7733200	24.7154460
2.3100000	9.00E+01	294.7958330	10.7500000
0.0015580	7.10E+01	294.9106610	21.5830940
1.8552760	6.33E+01	295.1250000	-24.0500000
0.4028580	5.00E+01	295.2516960	-26.0349310
0.5590840	1.48E+02	295.2702790	13.6917780
0.9053940	1.39E+02	295.3847250	10.4404440
0.6962620	1.90E+02	295.5042920	17.7245280
0.9724290	2.89E+01	295.8561720	-12.6284490
0.4462260	7.08E+01	295.8713830	6.1660000
0.8411580	5.63E+01	296.0218330	-17.8364060
0.0051850	2.43E+01	296.0388370	9.1231220
1.9968990	1.75E+02	296.1325000	17.9284440
1.0456320	5.97E+01	296.3683220	-0.6827980
1.0687080	2.18E+02	296.4004170	18.5722500
1.3344500	1.40E+02	296.6037080	22.7498330
0.4350600	1.65E+02	296.6908750	26.1970000
0.9594480	4.43E+01	296.7155580	-29.2297500
0.4406180	1.62E+01	296.7210170	18.0947890
0.4918650	6.00E+01	296.7409540	-13.2101110
1.7980690	3.50E+01	296.7750000	-42.2500000
1.1109440	1.49E+02	296.9000000	10.7333330
1.4807440	9.40E+01	296.9425830	9.2522220
0.7173110	1.29E+02	297.1041950	35.6697380
0.9576170	2.31E+01	297.3558940	-25.4002730
0.4559340	7.10E+01	297.7416670	5.5833330
5.0940830	3.13E+01	297.7843750	11.3903330
0.2750260	3.15E+01	298.0256470	14.1248290
0.0395310	4.50E+01	298.2425170	32.8779250
0.0048880	1.17E+02	298.4416670	18.7783330
0.8518900	1.40E+02	298.4477920	11.8285000
0.4266770	7.93E+00	298.5939750	29.3881360
0.5189380	3.20E+01	298.8281820	50.9986920
0.0061330	1.05E+02	298.8661490	29.1454250
0.3039110	6.82E+01	299.2177500	8.6380000
0.3076830	1.39E+02	299.3308220	28.5288450
0.0016070	2.91E+01	299.9032080	20.8042010
0.6967610	1.42E+02	300.5184360	32.2884200
0.9050670	1.31E+02	300.6834600	40.8483070
0.2764970	9.44E+01	300.6990420	16.6213060
0.4217940	1.96E+02	300.7416670	30.5833330
2.1112650	2.35E+02	301.2178600	31.6194480
2.2796610	3.59E+01	301.4322900	-0.3394290
0.5808710	3.24E+01	301.5681960	-8.1171990
0.3257240	5.39E+01	301.8062500	8.1591670
0.4587350	4.86E+01	301.9920960	9.1702580
0.5891960	6.06E+01	302.1478420	25.2251000
1.4380000	2.54E+02	302.4125000	33.4327780
1.4420000	3.50E+02	302.5875000	32.5061110
0.0052230	2.22E+01	302.6913320	-13.3988960
0.9320000	3.00E+02	302.9458330	33.3636110
0.2301940	2.38E+02	303.2931960	38.7620310
2.3032990	1.30E+01	303.8029170	25.4086940
0.0649400	3.40E+01	304.2362500	19.8008330
0.5371430	6.15E+01	304.3705750	20.7255280
0.5579530	1.42E+01	304.5159720	28.6650590
0.3870000	2.26E+02	304.7250000	34.5455560
0.0039350	1.72E+01	304.8831210	24.4209180
0.1037220	3.71E+02	305.2687500	36.8575000
0.3434020	2.46E+01	305.6544460	28.9064180
0.5291970	2.27E+01	305.7078040	51.9139540
0.3726190	3.30E+01	305.9247610	50.6263490
0.3981730	9.68E+01	306.8195420	21.7678970
1.2168050	1.91E+02	307.3494690	37.7356010
0.6305130	7.18E+01	307.6685250	22.4727290
0.0059490	2.52E+01	308.3375000	17.6000000
2.0743770	3.60E+01	309.3105830	19.7150830
0.6187150	9.36E+01	309.3643360	36.3566940
1.4245680	1.60E+02	309.5131990	53.3202280
1.5772860	3.40E+01	309.7257920	-38.2699720
0.8656060	5.07E+01	310.0744370	16.9584610
0.0961310	2.10E+01	310.9312500	27.6822220
1.3927150	3.15E+02	311.2450000	46.2483330
0.3955550	3.18E+01	311.4472660	9.2081000
1.5469380	3.58E+01	311.5006540	-4.3572220
1.1382860	3.98E+01	311.6639540	15.6760030
0.4767350	1.02E+02	311.6942050	57.1436360
1.9615720	1.15E+01	312.1476920	-16.2786110
0.2839010	6.88E+01	312.1911170	22.9181420
1.2200000	6.00E+01	312.5000000	13.0166670
0.0045090	2.07E+01	312.7813100	-8.4604990
0.3413360	1.73E+01	313.4464170	-72.0117220
0.2215080	9.73E+01	313.8806470	36.5059690
0.8151810	3.64E+01	313.9131330	22.1575600
0.4148710	1.40E+02	317.0853420	44.6969080
1.4231020	3.02E+01	317.1270420	-34.4938610
1.2028520	2.51E+01	318.2682900	27.9006360
1.0146850	1.41E+02	318.3512810	46.7357500
0.4401530	5.62E+01	319.0573000	14.2391780
0.0049310	4.60E+00	321.1827230	-33.9790740
0.6940530	3.01E+01	321.1940600	14.1220390
0.3257710	3.50E+01	321.8803330	-66.8078060
0.0037260	3.19E+01	322.3448410	-57.3539360
0.0040270	6.55E+01	322.4882420	12.1674750
0.0376600	6.64E+01	322.4914580	12.1659170
0.0067430	6.72E+01	322.4924330	12.1665080
0.0046510	6.65E+01	322.4924460	12.1690640
0.1106650	6.73E+01	322.4926970	12.1670180
0.0048030	6.73E+01	322.4928080	12.1665940
0.0561330	6.77E+01	322.4943000	12.1667530
0.0305290	6.71E+01	322.5050180	12.1772800
1.0835140	4.41E+01	324.8620830	22.7116670
0.3124700	3.60E+01	324.9250000	0.6000000
0.0129860	2.51E+01	325.0916670	-23.1797220
0.0110190	2.51E+01	325.0933590	-23.1802200
8.5098270	3.35E+00	326.0504170	-39.5653330
0.0160520	9.00E+00	326.4602800	-7.8384370
0.3801400	1.28E+02	327.4941250	63.4954170
0.3322060	1.49E+02	327.6572220	52.7971180
0.5935340	2.36E+01	327.8704170	23.2535560
1.3736540	1.40E+01	328.7558330	-56.6991670
1.0300020	1.49E+01	328.8067110	-31.3151890
1.6090200	7.74E+01	328.8159170	28.2200280
0.4981490	4.88E+01	329.0987670	26.3084640
1.5252660	7.09E+01	329.2576670	40.2960810
0.9380140	3.67E+01	331.3218630	14.7420280
0.9331610	1.01E+02	332.1041670	55.0000000
1.0045930	7.45E+01	333.0972850	29.5515810
0.3741960	2.93E+01	333.9152210	15.6430220
1.0568440	1.63E+02	334.6666670	57.4833330
0.5384690	4.35E+01	334.9505790	47.9149810
0.2813990	4.94E+01	335.7634340	29.3996240
0.6825380	3.61E+01	336.4684330	65.5928000
0.8424080	3.30E+01	336.8750000	30.6000000
0.0516240	2.00E+02	337.2720000	61.2359170
0.4430550	1.25E+02	337.4243120	62.0933390
0.0029780	2.30E+01	337.4620270	26.7327180
1.3587450	3.51E+01	338.7360000	21.2385560
0.0597670	1.81E+01	338.9320840	15.1136280
0.1390000	0.00E+00	340.0000000	58.0000000
1.6645010	4.07E+01	340.7350270	69.8478170
0.5967990	3.98E+01	340.7907000	15.3069750
0.4772330	2.91E+01	342.1121030	-1.0300240
0.7922360	2.92E+01	343.3105540	15.2771750
0.3682460	1.51E+02	344.4906010	59.1541210
6.9789480	0.00E+00	345.2862500	58.8794440
1.2064040	1.57E+02	345.5466670	60.4667280
1.0663710	6.21E+01	346.4826750	47.1292560
1.5758860	4.95E+01	346.4930170	31.0004890
0.5358290	7.08E+00	346.9220330	22.4305890
0.4750680	4.65E+01	347.0575920	55.7933420
0.3494340	1.73E+01	348.2858230	42.8869410
0.0034450	2.19E+01	349.2884880	14.6586720
1.4446530	2.09E+01	349.4909520	21.8300090
2.2564880	9.46E+01	350.4800580	60.4085320
0.0048080	1.34E+01	350.5931500	20.9508160
2.3474860	1.40E+01	351.1124170	-60.9016940
1.4363100	1.97E+02	351.3055340	63.2811940
0.2336520	1.23E+02	351.7445720	61.2267970
1.6436220	8.46E+00	352.6120210	-20.0915640
0.4953000	5.84E+01	354.2740820	61.8504690
1.1814630	2.25E+01	356.7102250	-6.1665250
0.9447840	9.47E+01	358.5196830	61.9296640
0.5242708	6.20E+01	85.1558000	32.1274000
1.2410000	8.80E+01	97.2042000	9.1664000
0.2089583	2.75E+02	286.0337000	7.6446000
0.2182402	4.52E+02	286.3888000	8.9584000
0.1440695	2.18E+02	286.7029000	7.7746000
0.0687288	1.77E+02	292.1771000	17.7741000
1.4383682	3.67E+02	302.4129000	33.4327000
1.4422321	4.38E+02	302.6171000	32.6057000
0.9316632	3.11E+02	302.8533000	33.4371000
0.3876639	2.05E+02	304.7221000	34.5167000
0.2703277	3.54E+01	92.8075000	14.5811000
2.1704300	1.25E+02	96.8047000	16.2089000
4.5596200	2.16E+02	283.5352000	3.0789000
9.9999990	2.60E+02	286.2533000	8.8187000
2.0811800	1.48E+02	289.9201000	17.8241000
4.7293400	9.60E+01	296.5025000	23.9762000
0.0048728	2.10E+02	298.9846000	25.4438000
0.7416730	3.55E+01	287.3482000	6.6781000
0.1575086	1.77E+02	296.8263000	19.9593000
0.0131346	1.64E+02	297.3583000	31.0922000
0.1914490	3.53E+02	282.1875000	3.8521000
0.2907506	2.97E+02	282.5888000	4.3742000
0.0809012	6.22E+02	284.2271000	2.7527000
0.2568146	4.24E+02	284.6133000	3.7716000
0.2273672	2.54E+02	289.0875000	12.4253000
0.2106615	9.54E+01	290.4117000	8.2256000
2.9352245	5.65E+02	291.2383000	16.5258000
0.1784365	3.39E+02	293.6558000	23.8971000
0.1966270	2.83E+02	297.0804000	25.8782000
0.6150605	3.53E+02	301.3288000	35.8051000
0.6081800	2.05E+02	301.8167000	31.3422000
0.2760439	1.34E+02	303.3975000	31.0118000
0.2468168	8.48E+02	283.9225000	2.1097000
0.0021499	2.98E+02	285.7741000	3.4553380
0.0021500	2.98E+02	285.7979000	3.4791000
0.1185737	5.37E+02	287.2833000	7.8267000
0.5713995	6.22E+02	289.9092000	13.2511000
0.4027000	2.42E+02	292.0848000	15.2228000
0.6869749	3.11E+02	294.4150000	20.1873000
0.5468509	2.69E+02	295.1508000	23.6212000
2.3060227	3.11E+02	295.3317000	25.4118000
0.5151665	2.44E+02	296.7429000	25.5886000
0.5283512	2.26E+02	297.0971000	23.5616000
1.3342551	3.11E+02	298.2846000	27.5551000
0.1636928	1.10E+02	301.5525000	31.0281000
0.5653693	1.05E+02	302.5225000	28.7513000
0.0812227	1.82E+02	294.1458333	20.4280556
0.1435828	4.84E+02	290.4500000	15.6750000
0.1580475	2.07E+02	291.0541667	16.7530556
0.1661238	9.00E+01	294.5291667	22.2825000
0.2361791	2.38E+02	290.6458333	17.3741667
0.2578500	2.76E+02	292.1083333	19.9552778
0.2990910	2.47E+02	291.5875000	20.3627778
0.3392421	5.54E+02	292.3833333	19.0952778
0.5011490	4.41E+02	293.0083333	19.7436111
0.5296633	2.06E+01	292.3241667	16.3631667
0.5628333	2.08E+02	289.7775000	16.7127222
0.7236469	6.27E+01	292.4545833	21.4318056
0.8173838	4.93E+02	292.2237500	19.3868333
